0.02	1645.7417033186725
0.020000000000000004	1645.7417033186725
0.020000000000000004	1645.7417033186725
0.020000000000000004	1645.7417033186725
0.020000000000000004	1645.7417033186725
0.020000000000000004	1645.7417033186725
0.020000000000000004	1645.7417033186725
0.020000000000000004	1645.7417033186725
0.020000000000000004	1645.7417033186725
0.020000000000000004	1645.7417033186725
0.020000000000000004	1645.7417033186725
0.020000000000000004	1645.7417033186725
0.020000000000000004	1645.7417033186725
0.020000000000000004	1645.7417033186725
0.020000000000000004	1645.7417033186725
0.020000000000000004	1645.7417033186725
0.020000000000000004	1645.7417033186725
0.020000000000000004	1645.7417033186725
0.020000000000000004	1645.7417033186725
0.020000000000000004	1645.7417033186725
0.020000000000000004	1645.7417033186725
0.020000000000000004	1645.7417033186725
0.020000000000000004	1645.7417033186725
0.020000000000000004	1645.7417033186725
0.020000000000000004	1645.7417033186725
0.020000000000000004	1645.7417033186725
0.020000000000000004	1645.7417033186725
0.020000000000000004	1645.7417033186725
0.020000000000000004	1645.7417033186725
0.020000000000000004	1645.7417033186725
0.020000000000000004	1645.7417033186725
0.020000000000000004	1645.7417033186725
0.020000000000000004	1645.7417033186725
0.020000000000000004	1645.7417033186725
0.020000000000000004	1645.7417033186725
0.020000000000000004	1645.7417033186725
0.020000000000000004	1645.7417033186725
0.020000000000000004	1645.7417033186725
0.020000000000000004	1645.7417033186725
0.020000000000000004	1645.7417033186725
0.020000000000000004	1645.7417033186725
0.020000000000000004	1645.7417033186725
0.020000000000000004	1645.7417033186725
0.020000000000000004	1645.7417033186725
0.020000000000000004	1645.7417033186725
0.020000000000000004	1645.7417033186725
0.020000000000000004	1645.7417033186725
0.020000000000000004	1645.7417033186725
0.020000000000000004	1645.7417033186725
0.020000000000000004	1645.7417033186725
0.020000000000000004	1645.7417033186725
0.020000000000000004	1645.7417033186725
0.020000000000000004	1645.7417033186725
0.020000000000000004	1645.7417033186725
0.020000000000000004	1645.7417033186725
0.020000000000000004	1645.7417033186725
0.020000000000000004	1645.7417033186725
0.020000000000000004	1645.7417033186725
0.020000000000000004	1645.7417033186725
0.020000000000000004	1645.7417033186725
0.020000000000000004	1645.7417033186725
0.020000000000000004	1645.7417033186725
0.020000000000000004	1645.7417033186725
0.020000000000000004	1645.7417033186725
0.020000000000000004	1645.7417033186725
0.020000000000000004	1645.7417033186725
0.020000000000000004	1645.7417033186725
0.020000000000000004	1645.7417033186725
0.020000000000000004	1645.7417033186725
0.020000000000000004	1645.7417033186725
0.020000000000000004	1645.7417033186725
0.020000000000000004	1645.7417033186725
0.020000000000000004	1645.7417033186725
0.020000000000000004	1645.7417033186725
0.020000000000000004	1645.7417033186725
0.020000000000000004	1645.7417033186725
0.020000000000000004	1645.7417033186725
0.020000000000000004	1645.7417033186725
0.020000000000000004	1645.7417033186725
0.020000000000000004	1645.7417033186725
0.020000000000000004	1645.7417033186725
0.020000000000000004	1645.7417033186725
0.020000000000000004	1645.7417033186725
0.020000000000000004	1645.7417033186725
0.020000000000000004	1645.7417033186725
0.020000000000000004	1645.7417033186725
0.020000000000000004	1645.7417033186725
0.020000000000000004	1645.7417033186725
0.020000000000000004	1645.7417033186725
0.020000000000000004	1645.7417033186725
0.020000000000000004	1645.7417033186725
0.020000000000000004	1645.7417033186725
0.020000000000000004	1645.7417033186725
0.020000000000000004	1645.7417033186725
0.020000000000000004	1645.7417033186725
0.020000000000000004	1645.7417033186725
0.020000000000000004	1645.7417033186725
0.020000000000000004	1645.7417033186725
0.020000000000000004	1645.7417033186725
0.020000000000000004	1645.7417033186725
0.020000000000000004	1645.7417033186725
0.020000000000000004	1645.7417033186725
0.020000000000000004	1645.7417033186725
0.020000000000000004	1645.7417033186725
0.020000000000000004	1645.7417033186725
0.020000000000000004	1645.7417033186725
0.020000000000000004	1645.7417033186725
0.020000000000000004	1645.7417033186725
0.020000000000000004	1645.7417033186725
0.020000000000000004	1645.7417033186725
0.020000000000000004	1645.7417033186725
0.020000000000000004	1645.7417033186725
0.020000000000000004	1645.7417033186725
0.020000000000000004	1645.7417033186725
0.020000000000000004	1645.7417033186725
0.020000000000000004	1645.7417033186725
0.020000000000000004	1645.7417033186725
0.020000000000000004	1645.7417033186725
0.020000000000000004	1645.7417033186725
0.020000000000000004	1645.7417033186725
0.020000000000000004	1645.7417033186725
0.020000000000000004	1645.7417033186725
0.020000000000000004	1645.7417033186725
0.020000000000000004	1645.7417033186725
0.020000000000000004	1645.7417033186725
0.020000000000000004	1645.7417033186725
0.020000000000000004	1645.7417033186725
0.020000000000000004	1645.7417033186725
0.020000000000000004	1645.7417033186725
0.020000000000000004	1645.7417033186725
0.020000000000000004	1645.7417033186725
0.020000000000000004	1645.7417033186725
0.020000000000000004	1645.7417033186725
0.020000000000000004	1645.7417033186725
0.020000000000000004	1645.7417033186725
0.020000000000000004	1645.7417033186725
0.020000000000000004	1645.7417033186725
0.020000000000000004	1645.7417033186725
0.020000000000000004	1645.7417033186725
0.020000000000000004	1645.7417033186725
0.020000000000000004	1645.7417033186725
0.020000000000000004	1645.7417033186725
0.020000000000000004	1645.7417033186725
0.020000000000000004	1645.7417033186725
0.020000000000000004	1645.7417033186725
0.020000000000000004	1645.7417033186725
0.020000000000000004	1645.7417033186725
0.020000000000000004	1645.7417033186725
0.020000000000000004	1645.7417033186725
0.020000000000000004	1645.7417033186725
0.020000000000000004	1645.7417033186725
0.020000000000000004	1645.7417033186725
0.020000000000000004	1645.7417033186725
0.020000000000000004	1645.7417033186725
0.020000000000000004	1645.7417033186725
0.020000000000000004	1645.7417033186725
0.020000000000000004	1645.7417033186725
0.020000000000000004	1645.7417033186725
0.020000000000000004	1645.7417033186725
0.020000000000000004	1645.7417033186725
0.020000000000000004	1645.7417033186725
0.020000000000000004	1645.7417033186725
0.020000000000000004	1645.7417033186725
0.020000000000000004	1645.7417033186725
0.020000000000000004	1645.7417033186725
0.020000000000000004	1645.7417033186725
0.020000000000000004	1645.7417033186725
0.020000000000000004	1645.7417033186725
0.020000000000000004	1645.7417033186725
0.020000000000000004	1645.7417033186725
0.020000000000000004	1645.7417033186725
0.020000000000000004	1645.7417033186725
0.020000000000000004	1645.7417033186725
0.020000000000000004	1645.7417033186725
0.020000000000000004	1645.7417033186725
0.020000000000000004	1645.7417033186725
0.020000000000000004	1645.7417033186725
0.020000000000000004	1645.7417033186725
0.020000000000000004	1645.7417033186725
0.020000000000000004	1645.7417033186725
0.020000000000000004	1645.7417033186725
0.020000000000000004	1645.7417033186725
0.020000000000000004	1645.7417033186725
0.020000000000000004	1645.7417033186725
0.020000000000000004	1645.7417033186725
0.020000000000000004	1645.7417033186725
0.020000000000000004	1645.7417033186725
0.020000000000000004	1645.7417033186725
0.020000000000000004	1645.7417033186725
0.020000000000000004	1645.7417033186725
0.020000000000000004	1645.7417033186725
0.020000000000000004	1645.7417033186725
0.020000000000000004	1645.7417033186725
0.020000000000000004	1645.7417033186725
0.020000000000000004	1645.7417033186725
0.020000000000000004	1645.7417033186725
0.020000000000000004	1645.7417033186725
0.020000000000000004	1645.7417033186725
0.020000000000000004	1645.7417033186725
0.020000000000000004	1645.7417033186725
0.020000000000000004	1645.7417033186725
0.020000000000000004	1645.7417033186725
0.020000000000000004	1645.7417033186725
0.020000000000000004	1645.7417033186725
0.020000000000000004	1645.7417033186725
0.020000000000000004	1645.7417033186725
0.020000000000000004	1645.7417033186725
0.020000000000000004	1645.7417033186725
0.020000000000000004	1645.7417033186725
0.020000000000000004	1645.7417033186725
0.020000000000000004	1645.7417033186725
0.020000000000000004	1645.7417033186725
0.020000000000000004	1645.7417033186725
0.020000000000000004	1645.7417033186725
0.020000000000000004	1645.7417033186725
0.020000000000000004	1645.7417033186725
0.020000000000000004	1645.7417033186725
0.020000000000000004	1645.7417033186725
0.020000000000000004	1645.7417033186725
0.020000000000000004	1645.7417033186725
0.020000000000000004	1645.7417033186725
0.020000000000000004	1645.7417033186725
0.020000000000000004	1645.7417033186725
0.020000000000000004	1645.7417033186725
0.020000000000000004	1645.7417033186725
0.020000000000000004	1645.7417033186725
0.020000000000000004	1645.7417033186725
0.020000000000000004	1645.7417033186725
0.020000000000000004	1645.7417033186725
0.020000000000000004	1645.7417033186725
0.020000000000000004	1645.7417033186725
0.020000000000000004	1645.7417033186725
0.020000000000000004	1645.7417033186725
0.020000000000000004	1645.7417033186725
0.020000000000000004	1645.7417033186725
0.020000000000000004	1645.7417033186725
0.020000000000000004	1645.7417033186725
0.020000000000000004	1645.7417033186725
0.020000000000000004	1645.7417033186725
0.020000000000000004	1645.7417033186725
0.020000000000000004	1645.7417033186725
0.020000000000000004	1645.7417033186725
0.020000000000000004	1645.7417033186725
0.020000000000000004	1645.7417033186725
0.020000000000000004	1645.7417033186725
0.020000000000000004	1645.7417033186725
0.020000000000000004	1645.7417033186725
0.020000000000000004	1645.7417033186725
0.020000000000000004	1645.7417033186725
0.020000000000000004	1645.7417033186725
0.020000000000000004	1645.7417033186725
0.020000000000000004	1645.7417033186725
0.020000000000000004	1645.7417033186725
0.020000000000000004	1645.7417033186725
0.020000000000000004	1645.7417033186725
0.020000000000000004	1645.7417033186725
0.020000000000000004	1645.7417033186725
0.020000000000000004	1645.7417033186725
0.020000000000000004	1645.7417033186725
0.020000000000000004	1645.7417033186725
0.020000000000000004	1645.7417033186725
0.020000000000000004	1645.7417033186725
0.020000000000000004	1645.7417033186725
0.020000000000000004	1645.7417033186725
0.020000000000000004	1645.7417033186725
0.020000000000000004	1645.7417033186725
0.020000000000000004	1645.7417033186725
0.020000000000000004	1645.7417033186725
0.020000000000000004	1645.7417033186725
0.020000000000000004	1645.7417033186725
0.020000000000000004	1645.7417033186725
0.020000000000000004	1645.7417033186725
0.020000000000000004	1645.7417033186725
0.020000000000000004	1645.7417033186725
0.020000000000000004	1645.7417033186725
0.020000000000000004	1645.7417033186725
0.020000000000000004	1645.7417033186725
0.020000000000000004	1645.7417033186725
0.020000000000000004	1645.7417033186725
0.020000000000000004	1645.7417033186725
0.020000000000000004	1645.7417033186725
0.020000000000000004	1645.7417033186725
0.020000000000000004	1645.7417033186725
0.020000000000000004	1645.7417033186725
0.020000000000000004	1645.7417033186725
0.020000000000000004	1645.7417033186725
0.020000000000000004	1645.7417033186725
0.020000000000000004	1645.7417033186725
0.020000000000000004	1645.7417033186725
0.020000000000000004	1645.7417033186725
0.020000000000000004	1645.7417033186725
0.020000000000000004	1645.7417033186725
0.020000000000000004	1645.7417033186725
0.020000000000000004	1645.7417033186725
0.020000000000000004	1645.7417033186725
0.020000000000000004	1645.7417033186725
0.020000000000000004	1645.7417033186725
0.020000000000000004	1645.7417033186725
0.020000000000000004	1645.7417033186725
0.020000000000000004	1645.7417033186725
0.020000000000000004	1645.7417033186725
0.020000000000000004	1645.7417033186725
0.020000000000000004	1645.7417033186725
0.020000000000000004	1645.7417033186725
0.020000000000000004	1645.7417033186725
0.020000000000000004	1645.7417033186725
0.020000000000000004	1645.7417033186725
0.020000000000000004	1645.7417033186725
0.020000000000000004	1645.7417033186725
0.020000000000000004	1645.7417033186725
0.020000000000000004	1645.7417033186725
0.020000000000000004	1645.7417033186725
0.020000000000000004	1645.7417033186725
0.020000000000000004	1645.7417033186725
0.020000000000000004	1645.7417033186725
0.020000000000000004	1645.7417033186725
0.020000000000000004	1645.7417033186725
0.020000000000000004	1645.7417033186725
0.020000000000000004	1645.7417033186725
0.020000000000000004	1645.7417033186725
0.020000000000000004	1645.7417033186725
0.020000000000000004	1645.7417033186725
0.020000000000000004	1645.7417033186725
0.020000000000000004	1645.7417033186725
0.020000000000000004	1645.7417033186725
0.020000000000000004	1645.7417033186725
0.020000000000000004	1645.7417033186725
0.020000000000000004	1645.7417033186725
0.020000000000000004	1645.7417033186725
0.020000000000000004	1645.7417033186725
0.020000000000000004	1645.7417033186725
0.020000000000000004	1645.7417033186725
0.020000000000000004	1645.7417033186725
0.020000000000000004	1645.7417033186725
0.020000000000000004	1645.7417033186725
0.020000000000000004	1645.7417033186725
0.020000000000000004	1645.7417033186725
0.020000000000000004	1645.7417033186725
0.020000000000000004	1645.7417033186725
0.020000000000000004	1645.7417033186725
0.020000000000000004	1645.7417033186725
0.020000000000000004	1645.7417033186725
0.020000000000000004	1645.7417033186725
0.020000000000000004	1645.7417033186725
0.020000000000000004	1645.7417033186725
0.020000000000000004	1645.7417033186725
0.020000000000000004	1645.7417033186725
0.020000000000000004	1645.7417033186725
0.020000000000000004	1645.7417033186725
0.020000000000000004	1645.7417033186725
0.020000000000000004	1645.7417033186725
0.020000000000000004	1645.7417033186725
0.020000000000000004	1645.7417033186725
0.020000000000000004	1645.7417033186725
0.020000000000000004	1645.7417033186725
0.020000000000000004	1645.7417033186725
0.020000000000000004	1645.7417033186725
0.020000000000000004	1645.7417033186725
0.020000000000000004	1645.7417033186725
0.020000000000000004	1645.7417033186725
0.020000000000000004	1645.7417033186725
0.020000000000000004	1645.7417033186725
0.020000000000000004	1645.7417033186725
0.020000000000000004	1645.7417033186725
0.020000000000000004	1645.7417033186725
0.020000000000000004	1645.7417033186725
0.020000000000000004	1645.7417033186725
0.020000000000000004	1645.7417033186725
0.020000000000000004	1645.7417033186725
0.020000000000000004	1645.7417033186725
0.020000000000000004	1645.7417033186725
0.020000000000000004	1645.7417033186725
0.020000000000000004	1645.7417033186725
0.020000000000000004	1645.7417033186725
0.020000000000000004	1645.7417033186725
0.020000000000000004	1645.7417033186725
0.020000000000000004	1645.7417033186725
0.020000000000000004	1645.7417033186725
0.020000000000000004	1645.7417033186725
0.020000000000000004	1645.7417033186725
0.020000000000000004	1645.7417033186725
0.020000000000000004	1645.7417033186725
0.020000000000000004	1645.7417033186725
0.020000000000000004	1645.7417033186725
0.020000000000000004	1645.7417033186725
0.020000000000000004	1645.7417033186725
0.020000000000000004	1645.7417033186725
0.020000000000000004	1645.7417033186725
0.020000000000000004	1645.7417033186725
0.020000000000000004	1645.7417033186725
0.020000000000000004	1645.7417033186725
0.020000000000000004	1645.7417033186725
0.020000000000000004	1645.7417033186725
0.020000000000000004	1645.7417033186725
0.020000000000000004	1645.7417033186725
0.020000000000000004	1645.7417033186725
0.020000000000000004	1645.7417033186725
0.020000000000000004	1645.7417033186725
0.020000000000000004	1645.7417033186725
0.020000000000000004	1645.7417033186725
0.020000000000000004	1645.7417033186725
0.020000000000000004	1645.7417033186725
0.020000000000000004	1645.7417033186725
0.020000000000000004	1645.7417033186725
0.020000000000000004	1645.7417033186725
0.020000000000000004	1645.7417033186725
0.020000000000000004	1645.7417033186725
0.020000000000000004	1645.7417033186725
0.020000000000000004	1645.7417033186725
0.020000000000000004	1645.7417033186725
0.020000000000000004	1645.7417033186725
0.020000000000000004	1645.7417033186725
0.020000000000000004	1645.7417033186725
0.020000000000000004	1645.7417033186725
0.020000000000000004	1645.7417033186725
0.020000000000000004	1645.7417033186725
0.020000000000000004	1645.7417033186725
0.020000000000000004	1645.7417033186725
0.020000000000000004	1645.7417033186725
0.020000000000000004	1645.7417033186725
0.020000000000000004	1645.7417033186725
0.020000000000000004	1645.7417033186725
0.020000000000000004	1645.7417033186725
0.020000000000000004	1645.7417033186725
0.020000000000000004	1645.7417033186725
0.020000000000000004	1645.7417033186725
0.020000000000000004	1645.7417033186725
0.020000000000000004	1645.7417033186725
0.020000000000000004	1645.7417033186725
0.020000000000000004	1645.7417033186725
0.020000000000000004	1645.7417033186725
0.020000000000000004	1645.7417033186725
0.020000000000000004	1645.7417033186725
0.020000000000000004	1645.7417033186725
0.020000000000000004	1645.7417033186725
0.020000000000000004	1645.7417033186725
0.020000000000000004	1645.7417033186725
0.020000000000000004	1645.7417033186725
0.020000000000000004	1645.7417033186725
0.020000000000000004	1645.7417033186725
0.020000000000000004	1645.7417033186725
0.020000000000000004	1645.7417033186725
0.020000000000000004	1645.7417033186725
0.020000000000000004	1645.7417033186725
0.020000000000000004	1645.7417033186725
0.020000000000000004	1645.7417033186725
0.020000000000000004	1645.7417033186725
0.020000000000000004	1645.7417033186725
0.020000000000000004	1645.7417033186725
0.020000000000000004	1645.7417033186725
0.020000000000000004	1645.7417033186725
0.020000000000000004	1645.7417033186725
0.020000000000000004	1645.7417033186725
0.020000000000000004	1645.7417033186725
0.020000000000000004	1645.7417033186725
0.020000000000000004	1645.7417033186725
0.020000000000000004	1645.7417033186725
0.020000000000000004	1645.7417033186725
0.020000000000000004	1645.7417033186725
0.020000000000000004	1645.7417033186725
0.020000000000000004	1645.7417033186725
0.020000000000000004	1645.7417033186725
0.020000000000000004	1645.7417033186725
0.020000000000000004	1645.7417033186725
0.020000000000000004	1645.7417033186725
0.020000000000000004	1645.7417033186725
0.020000000000000004	1645.7417033186725
0.020000000000000004	1645.7417033186725
0.020000000000000004	1645.7417033186725
0.020000000000000004	1645.7417033186725
0.020000000000000004	1645.7417033186725
0.020000000000000004	1645.7417033186725
0.020000000000000004	1645.7417033186725
0.020000000000000004	1645.7417033186725
0.020000000000000004	1645.7417033186725
0.020000000000000004	1645.7417033186725
0.020000000000000004	1645.7417033186725
0.020000000000000004	1645.7417033186725
0.020000000000000004	1645.7417033186725
0.020000000000000004	1645.7417033186725
0.020000000000000004	1645.7417033186725
0.020000000000000004	1645.7417033186725
0.020000000000000004	1645.7417033186725
0.020000000000000004	1645.7417033186725
0.020000000000000004	1645.7417033186725
0.020000000000000004	1645.7417033186725
0.020000000000000004	1645.7417033186725
0.020000000000000004	1645.7417033186725
0.020000000000000004	1645.7417033186725
0.020000000000000004	1645.7417033186725
0.020000000000000004	1645.7417033186725
0.020000000000000004	1645.7417033186725
0.020000000000000004	1645.7417033186725
0.020000000000000004	1645.7417033186725
0.020000000000000004	1645.7417033186725
0.020000000000000004	1645.7417033186725
0.020000000000000004	1645.7417033186725
0.020000000000000004	1645.7417033186725
0.020000000000000004	1645.7417033186725
0.020000000000000004	1645.7417033186725
0.020000000000000004	1645.7417033186725
0.020000000000000004	1645.7417033186725
0.020000000000000004	1645.7417033186725
0.020000000000000004	1645.7417033186725
0.020000000000000004	1645.7417033186725
0.020000000000000004	1645.7417033186725
0.020000000000000004	1645.7417033186725
0.020000000000000004	1645.7417033186725
0.020000000000000004	1645.7417033186725
0.020000000000000004	1645.7417033186725
0.020000000000000004	1645.7417033186725
0.020000000000000004	1645.7417033186725
0.020000000000000004	1645.7417033186725
0.020000000000000004	1645.7417033186725
0.020000000000000004	1645.7417033186725
0.020000000000000004	1645.7417033186725
0.020000000000000004	1645.7417033186725
0.020000000000000004	1645.7417033186725
0.020000000000000004	1645.7417033186725
0.020000000000000004	1645.7417033186725
0.020000000000000004	1645.7417033186725
0.020000000000000004	1645.7417033186725
0.020000000000000004	1645.7417033186725
0.020000000000000004	1645.7417033186725
0.020000000000000004	1645.7417033186725
0.020000000000000004	1645.7417033186725
0.020000000000000004	1645.7417033186725
0.020000000000000004	1645.7417033186725
0.020000000000000004	1645.7417033186725
0.020000000000000004	1645.7417033186725
0.020000000000000004	1645.7417033186725
0.020000000000000004	1645.7417033186725
0.020000000000000004	1645.7417033186725
0.020000000000000004	1645.7417033186725
0.020000000000000004	1645.7417033186725
0.020000000000000004	1645.7417033186725
0.020000000000000004	1645.7417033186725
0.020000000000000004	1645.7417033186725
0.020000000000000004	1645.7417033186725
0.020000000000000004	1645.7417033186725
0.020000000000000004	1645.7417033186725
0.020000000000000004	1645.7417033186725
0.020000000000000004	1645.7417033186725
0.020000000000000004	1645.7417033186725
0.020000000000000004	1645.7417033186725
0.020000000000000004	1645.7417033186725
0.020000000000000004	1645.7417033186725
0.020000000000000004	1645.7417033186725
0.020000000000000004	1645.7417033186725
0.020000000000000007	1645.7417033186725
0.02000000000000001	1645.7417033186725
0.020000000000000018	1645.7417033186725
0.020000000000000028	1645.7417033186725
0.02000000000000004	1645.7417033186725
0.020000000000000052	1645.7417033186723
0.02000000000000007	1645.741703318672
0.020000000000000087	1645.7417033186716
0.020000000000000108	1645.741703318671
0.020000000000000132	1645.7417033186703
0.02000000000000016	1645.7417033186694
0.020000000000000198	1645.741703318668
0.020000000000000236	1645.7417033186666
0.020000000000000285	1645.741703318665
0.020000000000000337	1645.7417033186634
0.020000000000000396	1645.7417033186616
0.020000000000000465	1645.7417033186593
0.020000000000000538	1645.741703318657
0.020000000000000625	1645.7417033186543
0.020000000000000722	1645.7417033186514
0.02000000000000083	1645.7417033186475
0.02000000000000095	1645.7417033186434
0.02000000000000109	1645.7417033186389
0.02000000000000125	1645.7417033186337
0.02000000000000143	1645.741703318628
0.02000000000000163	1645.7417033186214
0.020000000000001857	1645.741703318614
0.020000000000002106	1645.7417033186061
0.020000000000002387	1645.741703318597
0.020000000000002707	1645.7417033185868
0.020000000000003064	1645.741703318575
0.020000000000003466	1645.741703318562
0.020000000000003914	1645.7417033185475
0.020000000000004414	1645.741703318531
0.02000000000000498	1645.741703318513
0.020000000000005607	1645.7417033184927
0.02000000000000631	1645.7417033184702
0.020000000000007102	1645.7417033184447
0.02000000000000799	1645.7417033184163
0.020000000000008983	1645.7417033183847
0.020000000000010103	1645.7417033183492
0.020000000000011352	1645.7417033183099
0.020000000000012744	1645.7417033182655
0.020000000000014305	1645.741703318216
0.020000000000016047	1645.7417033181605
0.020000000000018	1645.7417033180984
0.020000000000020182	1645.741703318029
0.02000000000002262	1645.7417033179518
0.020000000000025348	1645.7417033178651
0.02000000000002839	1645.7417033177685
0.020000000000031787	1645.7417033176607
0.020000000000035583	1645.7417033175407
0.020000000000039823	1645.7417033174065
0.02000000000004455	1645.7417033172571
0.02000000000004982	1645.7417033170902
0.020000000000055695	1645.7417033169045
0.020000000000062246	1645.7417033166978
0.020000000000069552	1645.7417033164675
0.02000000000007769	1645.7417033162114
0.020000000000086747	1645.741703315926
0.020000000000096833	1645.7417033156087
0.02000000000010806	1645.7417033152556
0.020000000000120553	1645.7417033148631
0.020000000000134452	1645.7417033144268
0.0200000000001499	1645.741703313942
0.020000000000167082	1645.7417033134031
0.020000000000186185	1645.741703312805
0.02000000000020741	1645.7417033121403
0.02000000000023099	1645.7417033114025
0.020000000000257177	1645.741703310584
0.020000000000286247	1645.7417033096758
0.020000000000318516	1645.7417033086683
0.020000000000354325	1645.7417033075512
0.02000000000039405	1645.741703306313
0.02000000000043811	1645.7417033049408
0.020000000000486958	1645.7417033034203
0.020000000000541106	1645.741703301736
0.020000000000601113	1645.741703299871
0.020000000000667595	1645.7417032978065
0.020000000000741223	1645.741703295521
0.020000000000822752	1645.741703292992
0.020000000000912996	1645.7417032901951
0.020000000001012864	1645.7417032871022
0.02000000000112335	1645.7417032836825
0.02000000000124555	1645.741703279903
0.02000000000138067	1645.741703275727
0.020000000001530037	1645.7417032711141
0.020000000001695103	1645.7417032660198
0.020000000001877467	1645.7417032603958
0.020000000002078893	1645.7417032541882
0.02000000000230131	1645.7417032473388
0.020000000002546835	1645.741703239783
0.02000000000281779	1645.7417032314502
0.02000000000311674	1645.7417032222634
0.020000000003446483	1645.7417032121375
0.02000000000381008	1645.7417032009798
0.02000000000421091	1645.7417031886882
0.020000000004652657	1645.7417031751515
0.020000000005139365	1645.7417031602477
0.02000000000567546	1645.741703143843
0.020000000006265797	1645.7417031257912
0.020000000006915677	1645.7417031059326
0.020000000007630917	1645.7417030840923
0.02000000000841787	1645.7417030600789
0.02000000000928349	1645.7417030336835
0.020000000010235386	1645.7417030046777
0.02000000001128185	1645.7417029728124
0.020000000012431976	1645.7417029378155
0.02000000001369568	1645.741702899389
0.0200000000150838	1645.7417028572092
0.02000000001660816	1645.7417028109217
0.020000000018281665	1645.7417027601407
0.020000000020118418	1645.741702704445
0.020000000022133778	1645.7417026433761
0.020000000024344513	1645.741702576434
0.020000000026768886	1645.7417025030738
0.020000000029426812	1645.7417024227022
0.020000000032339996	1645.7417023346734
0.02000000003553207	1645.741702238284
0.020000000039028774	1645.741702132769
0.02000000004285812	1645.7417020172963
0.020000000047050603	1645.7417018909612
0.020000000051639388	1645.7417017527796
0.02000000005666056	1645.7417016016818
0.02000000006215335	1645.7417014365064
0.020000000068160394	1645.7417012559913
0.020000000074728044	1645.7417010587662
0.02000000008190663	1645.7417008433433
0.020000000089750825	1645.7417006081082
0.02000000009831999	1645.7417003513092
0.020000000107678544	1645.741700071047
0.020000000117896394	1645.7416997652613
0.020000000129049372	1645.7416994317198
0.0200000001412197	1645.7416990680024
0.020000000154496534	1645.7416986714884
0.020000000168976483	1645.7416982393395
0.020000000184764218	1645.741697768482
0.020000000201973123	1645.7416972555902
0.020000000220725962	1645.741696697065
0.020000000241155627	1645.741696089013
0.020000000263405926	1645.7416954272246
0.02000000028763243	1645.741694707149
0.020000000314003397	1645.7416939238676
0.020000000342700754	1645.7416930720667
0.020000000373921124	1645.7416921460067
0.02000000040787697	1645.741691139491
0.020000000444797796	1645.7416900458297
0.02000000048493145	1645.7416888578048
0.02000000052854549	1645.7416875676283
0.020000000575928684	1645.7416861669026
0.020000000627392583	1645.7416846465726
0.020000000683273234	1645.7416829968795
0.020000000743932978	1645.741681207308
0.0200000008097624	1645.7416792665308
0.020000000881182405	1645.7416771623516
0.02000000095864643	1645.7416748816393
0.02000000104264281	1645.7416724102634
0.02000000113369732	1645.7416697330207
0.020000001232375855	1645.7416668335597
0.020000001339287313	1645.741663694299
0.02000000145508667	1645.7416602963401
0.020000001580478245	1645.7416566193758
0.02000000171621921	1645.741652641591
0.020000001863123274	1645.7416483395575
0.020000002022064672	1645.7416436881244
0.02000000219398236	1645.741638660296
0.02000000237988452	1645.7416332271093
0.020000002580853295	1645.7416273574975
0.020000002798049917	1645.741621018148
0.020000003032720075	1645.7416141733506
0.020000003286199653	1645.7416067848376
0.020000003559920824	1645.741598811612
0.020000003855418527	1645.7415902097666
0.020000004174337317	1645.7415809322924
0.020000004518438703	1645.741570928874
0.020000004889608836	1645.7415601456737
0.020000005289866736	1645.741548525103
0.020000005721372987	1645.7415360055804
0.020000006186438952	1645.7415225212735
0.020000006687536532	1645.741508001828
0.020000007227308516	1645.7414923720796
0.020000007808579502	1645.7414755517511
0.020000008434367507	1645.7414574551306
0.02000000910789618	1645.7414379907302
0.020000009832607787	1645.7414170609286
0.020000010612176877	1645.7413945615917
0.020000011450524758	1645.7413703816728
0.020000012351834767	1645.7413444027886
0.020000013320568402	1645.7413164987756
0.02000001436148232	1645.741286535219
0.020000015479646333	1645.7412543689586
0.020000016680462314	1645.7412198475668
0.020000017969684165	1645.7411828087986
0.02000001935343885	1645.7411430800137
0.020000020838248544	1645.741100477567
0.020000022431053987	1645.7410548061687
0.020000024139239007	1645.7410058582107
0.020000025970656362	1645.7409534130577
0.0200000279336549	1645.740897236305
0.020000030037108145	1645.7408370789951
0.020000032290444288	1645.7407726767983
0.020000034703677703	1645.7407037491516
0.020000037287442093	1645.7406299983543
0.020000040053025185	1645.7405511086224
0.020000043012405214	1645.7404667450949
0.020000046178289137	1645.7403765527922
0.02000004956415271	1645.7402801555288
0.020000053184282503	1645.7401771547704
0.020000057053819863	1645.7400671284413
0.020000061188806973	1645.739949629673
0.020000065606235063	1645.739824185503
0.020000070324094826	1645.7396902955052
0.020000075361429136	1645.7395474303667
0.02000008073838818	1645.7393950303979
0.020000086476287024	1645.7392325039793
0.020000092597665747	1645.7390592259378
0.020000099126352228	1645.7388745358578
0.020000106087527645	1645.7386777363154
0.020000113507794785	1645.7384680910445
0.020000121415249265	1645.73824482302
0.020000129839553762	1645.738007112469
0.020000138812015306	1645.737754094795
0.020000148365665774	1645.7374848584245
0.020000158535345636	1645.7371984425642
0.020000169357791097	1645.7368938348714
0.020000180871724657	1645.7365699690354
0.02000019311794925	1645.736225722266
0.02000020613944603	1645.7358599126862
0.020000219981475883	1645.7354712966305
0.020000234691684767	1645.7350585658405
0.020000250320213013	1645.7346203445625
0.02000026691980858	1645.7341551865397
0.020000284545944488	1645.7336615718987
0.020000303256940376	1645.7331379039285
0.02000032311408838	1645.7325825057496
0.020000344181783408	1645.7319936168708
0.02000036652765777	1645.7313693896328
0.020000390222720443	1645.730707885536
0.02000041534150088	1645.730007071451
0.020000441962197527	1645.729264815709
0.0200004701668311	1645.7284788840734
0.020000500041402663	1645.7276469355872
0.020000531676056615	1645.7267665182994
0.020000565165248597	1645.7258350648644
0.02000060060791842	1645.7248498880176
0.020000638107668018	1645.723808175924
0.020000677772944515	1645.7227069873984
0.02000071971722842	1645.7215432469998
0.020000764059226944	1645.7203137399952
0.020000810923072525	1645.7190151071977
0.02000086043852656	1645.717643839673
0.020000912741188297	1645.7161962733212
0.02000096797270898	1645.7146685833284
0.020001026281011153	1645.7130567784923
0.020001087820513158	1645.7113566954208
0.020001152752358774	1645.709563992608
0.02000122124465197	1645.707674144386
0.0200012934726967	1645.7056824347515
0.02000136961924173	1645.7035839510813
0.020001449874730334	1645.701373577722
0.02000153443755491	1645.6990459894712
0.020001623514316266	1645.6965956449446
0.020001717320087598	1645.6940167798386
0.020001816078682937	1645.6913034000847
0.020001920022929984	1645.6884492749086
0.02000202939494717	1645.6854479297908
0.02000214444642476	1645.6822926393377
0.020002265438909823	1645.6789764200698
0.020002392644094872	1645.6754920231276
0.020002526344109955	1645.671831926909
0.02000266683181796	1645.6679883296351
0.020002814411112905	1645.6639531418618
0.020002969397220904	1645.6597179789362
0.02000313211700358	1645.6552741534122
0.020003302909263557	1645.6506126674283
0.020003482125051764	1645.645724205061
0.020003670127976183	1645.6405991246627
0.02000386729451168	1645.6352274511883
0.020004074014310525	1645.6295988685313
0.020004290690513266	1645.623702711869
0.02000451774005944	1645.617527960038
0.020004755593997774	1645.6110632279442
0.02000500469779535	1645.6042967590254
0.020005265511645286	1645.597216417775
0.020005538510772452	1645.5898096823435
0.020005824185736626	1645.582063637231
0.02000612304273267	1645.5739649660818
0.020006435603887058	1645.5654999446026
0.020006762407550224	1645.556654433611
0.02000710400858416	1645.547413872238
0.020007460978644583	1645.5377632712964
0.020007833906457096	1645.5276872068323
0.020008223398086666	1645.5171698138786
0.02000863007719972	1645.5061947804236
0.02000905458531823	1645.4947453416212
0.020009497582065057	1645.4828042742495
0.020009959745399788	1645.470353891446
0.020010441771844405	1645.4573760377343
0.020010944376698	1645.4438520843619
0.020011468294239762	1645.4297629249677
0.020012014277919484	1645.4150889716036
0.020012583100534775	1645.3998101511227
0.020013175554394212	1645.3839059019622
0.020013792451465572	1645.3673551713366
0.0200144346235084	1645.3501364128633
0.020015102922190033	1645.3322275846408
0.020015798219184262	1645.313606147802
0.020016521406251795	1645.2942490655605
0.020017273395301714	1645.2741328027744
0.020018055118433048	1645.253233326044
0.020018867527955644	1645.2315261043693
0.020019711596389492	1645.208986110382
0.020020588316441674	1645.1855878221784
0.020021498700960122	1645.1613052257676
0.02002244378286331	1645.1361118181596
0.020023424615045155	1645.1099806111097
0.02002444227025424	1645.0828841355399
0.0200254978409466	1645.0547944466568
0.020026592439111333	1645.0256831297809
0.02002772719606821	1644.9955213069068
0.02002890326223657	1644.9642796440173
0.02003012180687484	1644.9319283591547
0.02003138401778985	1644.8984372312786
0.0200326911010154	1644.8637756099172
0.020034044280459372	1644.8279124256287
0.020035444797518776	1644.7908162012864
0.020036893910662153	1644.7524550641983
0.02003839289497876	1644.712796759077
0.020039943041694073	1644.671808661863
0.020041545657651066	1644.6294577944186
0.02004320206475689	1644.5857108400946
0.02004491359939449	1644.5405341601804
0.020046681611798872	1644.4938938112407
0.02004850746539769	1644.4457555633455
0.020050392536115843	1644.3960849191953
0.020052338211643997	1644.3448471341421
0.020054345890670764	1644.292007237108
0.020056416982078478	1644.2375300524
0.020058552904102543	1644.181380222418
0.020060755083454368	1644.1235222312494
0.02006302495440792	1644.0639204291485
0.02006536395785008	1644.0025390578896
0.02006777354029496	1643.9393422769833
0.020070255152862513	1643.87429419075
0.020072810250221656	1643.8073588762334
0.020075440289498432	1643.7385004119399
0.020078146729149583	1643.667682907387
0.020080931027802063	1643.5948705334454
0.02008379464305921	1643.5200275534517
0.02008673903027411	1643.443118355068
0.020089765641290985	1643.3641074828713
0.020092875923155423	1643.2829596716383
0.02009607131679431	1643.1996398803044
0.020099353255666478	1643.1141133265646
0.02010272316438505	1643.0263455220854
0.020106182457312643	1642.9363023082942
0.020109732537130633	1642.8439498927123
0.02011337479338367	1642.7492548857927
0.020117110601000843	1642.6521843382263
0.020120941318794883	1642.5527057786758
0.020124868287940856	1642.4507872518923
0.020128892830435927	1642.346397357176
0.020133016247541782	1642.2395052871302
0.020137239818211427	1642.1300808666667
0.020141564797502072	1642.01809459221
0.020145992414975906	1641.9035176710538
0.020150523873090718	1641.786322060816
0.020155160345582207	1641.6664805089424
0.020159902975840034	1641.5439665922004
0.020164752875279638	1641.418754756115
0.020169711121711946	1641.290820354285
0.0201747787577131	1641.160139687523
0.020179956788996447	1641.0266900427657
0.020185246182788982	1640.890449731691
0.020190647866214627	1640.7513981289833
0.020196162724686568	1640.6095157101906
0.020201791600311086	1640.4647840891075
0.02020753529030525	1640.3171860546267
0.020213394545430922	1640.1667056069973
0.020219370068447456	1640.0133279934273
0.020225462512585668	1639.8570397429698
0.02023167248004544	1639.6978287006318
0.020238000520519533	1639.535684060644
0.020244447129746074	1639.3705963988305
0.02025101274809224	1639.2025577040172
0.020257697759171637	1639.0315614084227
0.020264502488497826	1638.8576024169695
0.020271427202176562	1638.680677135455
0.02027847210563913	1638.5007834975315
0.020285637342419283	1638.317920990435
0.020292922992976165	1638.1320906794042
0.02030032907356563	1637.9432952307448
0.020307855535162296	1637.7515389334783
0.020315502262434657	1637.5568277195307
0.020323269072775513	1637.3591691824086
0.02033115571538994	1637.158572594316
0.02033916187044293	1636.9550489216688
0.020347287148268882	1636.7486108389626
0.020355531088644855	1636.5392727409508
0.020363893160129657	1636.327050753098
0.020372372759470608	1636.11196274027
0.020380969211079777	1635.894028313627
0.020389681766581444	1635.6732688356892
0.020398509604432416	1635.4497074235467
0.02040745182961673	1635.223368950186
0.020416507473416175	1634.9942800439123
0.020425675493258036	1634.762469085846
0.020434954772641213	1634.5279662054759
0.020444344121141905	1634.2908032742582
0.02045384227449985	1634.051013897246
0.020463447894786036	1633.8086334027453
0.020473159570652634	1633.5636988299887
0.020482975817665824	1633.3162489148299
0.02049289507872207	1633.0663240734582
0.020502915724548203	1632.8139663841378
0.020513036054285616	1632.5592195669813
0.020523254296158675	1632.3021289617704
0.020533568608227405	1632.042741503835
0.020543977079224254	1631.7811056980127
0.020554477729474725	1631.5172715907092
0.020565068511901416	1631.251290740083
0.02057574731311097	1630.983216184385
0.020586511954563187	1630.713102408482
0.02059736019382154	1630.4410053086003
0.020608289725884053	1630.1669821553264
0.020619298184593488	1629.8910915549034
0.020630383144125568	1629.6133934088725
0.020641542120553847	1629.333948872097
0.02065277257348972	1629.0528203092283
0.020664071907795883	1628.7700712496596
0.02067543747537149	1628.4857663410214
0.02068686657700705	1628.1999713012829
0.020698356464307035	1627.9127528695112
0.02070990434167798	1627.624178755356
0.020721507368379827	1627.3343175873229
0.020733162660638065	1627.0432388598992
0.0207448672938141	1626.751012879607
0.02075661830463126	1626.457710710047
0.020768412693453617	1626.163404116011
0.020780247426614842	1625.8681655067337
0.02079211943879405	1625.5720678783618
0.020804025635435645	1625.2751847557138
0.020815962895209983	1624.977590133412
0.02082792807251166	1624.6793584164639
0.02083991799999212	1624.380564360374
0.02085192949112318	1624.0812830108655
0.02086395934278809	1623.781589643294
0.020876004337896596	1623.481559701835
0.020888061248020468	1623.1812687385273
0.020900126836045915	1622.8807923522545
0.020912197858839222	1622.5802061277475
0.020924271069922028	1622.2795855746886
0.020936343222152435	1621.979006067
0.02094841107040838	1621.6785427823984
0.02096047137426946	1621.3782706422971
0.02097252090069354	1621.078264252131
0.020984556426684398	1620.7785978421919
0.02099657474194678	1620.4793452090423
0.02100857265152506	1620.1805796575932
0.021020546978421983	1619.8823739439163
0.0210324945661938	1619.5848002188652
0.021044412281518165	1619.2879299725807
0.021056297016731392	1618.991833979948
0.021068145692331473	1618.6965822470756
0.021079955259443478	1618.4022439588634
0.021091722702243996	1618.1088874277245
0.02110344504034134	1617.8165800435233
0.02111511933110831	1617.5253882247914
0.0211267426719644	1617.2353773712744
0.021138312202604457	1616.9466118178748
0.02114982510717084	1616.6591547900327
0.021161278616366325	1616.3730683606038
0.02117267000950497	1616.0884134082744
0.021183996616498457	1615.805249577568
0.021195255819775327	1615.523635240475
0.021206445056130886	1615.2436274597496
0.021217561818505468	1614.9652819539133
0.021228603657689023	1614.6886530639902
0.021239568183950078	1614.4137937220114
0.02125045306858724	1614.1407554213104
0.021261256045401623	1613.869588188637
0.021271974912088622	1613.6003405581073
0.021282607531547704	1613.3330595470127
0.02129315183310894	1613.0677906334936
0.0213036058136753	1612.8045777360983
0.02131396753877965	1612.54346319523
0.021324235143555782	1612.2844877564908
0.02133440683362285	1612.0276905559176
0.02134448088588266	1611.773109107122
0.021354455649229623	1611.5207792903145
0.021364329545173106	1611.2707353432195
0.021374101068372217	1611.0230098538623
0.021383768787083153	1610.7776337552216
0.021393331343519395	1610.5346363217275
0.021402787454125164	1610.2940451675884
0.021412135909762736	1610.0558862469272
0.02142137557581433	1609.8201838557009
0.021430505392199376	1609.5869606353783
0.021439524373308223	1609.3562375783488
0.021448431607853334	1609.1280340350272
0.021457226258639266	1608.9023677226264
0.021465907562252758	1608.6792547355583
0.021474474828674445	1608.4587095574286
0.021482927440813804	1608.2407450745823
0.021491264853969003	1608.025372591162
0.021499486595213505	1607.812601845633
0.021507592262711338	1607.602441028732
0.02151558152496302	1607.3948968027926
0.021523454119984263	1607.1899743223962
0.02153120985441962	1606.9876772563061
0.02153884860259337	1606.7880078106252
0.021546370305499874	1606.590966753134
0.02155377496973596	1606.3965534387476
0.02156106266637766	1606.204765836048
0.02156823352980386	1606.0156005548263
0.021575287756469434	1605.8290528745872
0.021582225603630475	1605.6451167739583
0.02158904738802422	1605.4637849609448
0.021595753484506392	1605.2850489039788
0.021602344324648595	1605.1088988636996
0.021608820395298572	1604.9353239254142
0.02161518223710593	1604.7643120321773
0.02162143044301618	1604.5958500184342
0.021627565656735768	1604.429923644174
0.021633588571170818	1604.2665176295288
0.021639499926842356	1604.1056156897712
0.02164530051028073	1603.9472005706502
0.021650991152401825	1603.7912540840136
0.02165657272686784	1603.637757143656
0.021662046148435206	1603.486689801349
0.02166741237129228	1603.338031282993
0.02167267238738931	1603.191760024842
0.021677827224763278	1603.0478537097536
0.021682877945860032	1602.906289303407
0.02168782564585613	1602.7670430904493
0.02169267145098278	1602.630090710519
0.02169741651685418	1602.495407194098
0.021702062026802513	1602.3629669981556
0.021706609190221715	1602.2327440415309
0.021711059240922245	1602.1047117400212
0.02171541343549876	1601.9788430411322
0.021719673051712827	1601.8551104584506
0.021723839386892378	1601.733486105603
0.02172791375634993	1601.613941729767
0.021731897491821132	1601.4964487446985
0.021735791939925475	1601.380978263244
0.021739598460650565	1601.2675011293063
0.021743318425861607	1601.1559879492372
0.02174695321783746	1601.0464091226272
0.02175050422783456	1600.9387348724688
0.021753972854680087	1600.8329352746675
0.021757360503395374	1600.728980286881
0.02176066858385078	1600.6268397766646
0.02176389850945297	1600.5264835489024
0.02176705169586552	1600.4278813725134
0.021770129559763707	1600.3310030064094
0.021773133517624204	1600.2358182246965
0.021776064984550366	1600.1422968411052
0.021778925373133747	1600.0504087326415
0.021781716092352264	1599.9601238624462
0.021784438546505545	1599.8714123018601
0.021787094134187775	1599.7842442516835
0.0217896842472983	1599.69859006263
0.021792210270090276	1599.6144202549717
0.02179467357825747	1599.5317055373712
0.021797075538059252	1599.4504168249014
0.02179941750548385	1599.3705252562586
0.021801700825449792	1599.2920022101641
0.021803926831045407	1599.214819320965
0.021806096842806204	1599.1389484934332
0.021808212168029924	1599.064361916773
0.02181027410012894	1598.9910320778436
0.021812283918019697	1598.9189317736032
0.02181424288554874	1598.8480341227844
0.021816152250954995	1598.7783125768128
0.021818013246367694	1598.7097409299784
0.02181982708733949	1598.6422933288716
0.021821594972414163	1598.5759442810959
0.02182331808272834	1598.5106686632741
0.021824997581646566	1598.4464417283586
0.021826634614429016	1598.3832391122614
0.02182823030793121	1598.3210368398195
0.021829785770334946	1598.2598113301126
0.021831302090909714	1598.1995394011492
0.021832780339803803	1598.140198273934
0.021834221567864277	1598.0817655759415
0.021835626806485063	1598.0242193440063
0.02183699706748223	1597.9675380266515
0.021838333342995654	1597.9117004858729
0.021839636605416237	1597.8566859983966
0.021840907807337714	1597.8024742564287
0.021842147881532256	1597.7490453679172
0.021843357740948963	1597.696379856342
0.021844538278734327	1597.6444586600546
0.02184569036827381	1597.5932631311848
0.021846814863253627	1597.5427750341319
0.021847912597741853	1597.4929765436627
0.021848984386287962	1597.4438502426326
0.02185003102403996	1597.3953791193462
0.021851053286878124	1597.3475465645797
0.021852051931564663	1597.3003363682808
0.021853027695908262	1597.253732715965
0.021853981298942792	1597.207720184826
0.02185491344111928	1597.1622837395755
0.021855824804510343	1597.1174087280313
0.021856716053026325	1597.0730808764729
0.021857587832642234	1597.0292862847746
0.02185844077163482	1596.9860114213398
0.021859275480828954	1596.943243117846
0.021860092553852625	1596.9009685638196
0.02186089256739978	1596.8591753010537
0.02186167608150032	1596.8178512178854
0.021862443639796607	1596.776984543344
0.021863195769825716	1596.7365638411868
0.021863932983306904	1596.6965780038336
0.0218646557764336	1596.6570162462135
0.0218653646301693	1596.6178680995388
0.02186606001054683	1596.5791234050123
0.021866742368970377	1596.5407723074857
0.02186741214251977	1596.502805249077
0.02186806975425648	1596.4652129627596
0.021868715613530813	1596.427986465928
0.021869350116289862	1596.39111705396
0.02186997364538575	1596.3545962937737
0.0218705865708837	1596.3184160173944
0.021871189250369544	1596.2825683155397
0.021871782029256256	1596.2470455312293
0.02187236524108916	1596.211840253427
0.02187293920784944	1596.176945310723
0.021873504240255616	1596.1423537650635
0.021874060638062683	1596.1080589055314
0.021874608690358628	1596.0740542421881
0.021875148675858	1596.0403334999796
0.021875680863192325	1596.0068906127112
0.021876205511197122	1595.973719717098
0.021876722869195266	1595.9408151468929
0.021877233177276505	1595.9081714270994
0.02187773666657296	1595.87578326827
0.021878233559530422	1595.8436455608958
0.021878724070175302	1595.8117533698885
0.021879208404377046	1595.7801019291585
0.02187968676010596	1595.7486866362926
0.021880159327686253	1595.7175030473313
0.021880626290044277	1595.6865468716505
0.02188108782295184	1595.6558139669437
0.021881544095264487	1595.6253003343134
0.021881995269154745	1595.595002113469
0.02188244150034024	1595.564915578031
0.02188288293830669	1595.5350371309432
0.021883319726525675	1595.5053632999955
0.02188375200266726	1595.475890733453
0.021884179898807393	1595.4466161957978
0.021884603541630045	1595.4175365635758
0.021885023052624245	1595.3886488213552
0.02188543854827587	1595.3599500577914
0.021885850140254272	1595.3314374617996
0.021886257935593838	1595.3031083188348
0.02188666203687039	1595.2749600072775
0.021887062542372587	1595.2469899949233
0.021887459546268313	1595.2191958355788
0.02188785313876614	1595.1915751657557
0.021888243406271903	1595.1641257014703
0.021888630431540445	1595.1368452351405
0.021889014293822645	1595.1097316325813
0.021889395069007757	1595.0827828300974
0.02188977282976115	1595.0559968316693
0.021890147645657547	1595.0293717062348
0.02189051958330979	1595.002905585062
0.0218908887064933	1594.9765966592095
0.021891255076266235	1594.9504431770752
0.02189161875108549	1594.9244434420343
0.021891979786918613	1594.898595810157
0.021892338237351705	1594.8728986880112
0.02189269415369343	1594.8473505305433
0.021893047585075223	1594.8219498390392
0.02189339857854777	1594.7966951591602
0.021893747179173854	1594.7715850790532
0.021894093430117702	1594.746618227534
0.021894437372730873	1594.7217932723404
0.021894779046634817	1594.6971089184522
0.021895118489800195	1594.672563906481
0.021895455738623018	1594.6481570111205
0.021895790827997776	1594.6238870396623
0.021896123791387542	1594.59975283057
0.021896454660891233	1594.5757532521134
0.021896783467308067	1594.5518872010591
0.021897110240199354	1594.528153601416
0.02189743500794763	1594.504551403234
0.02189775779781328	1594.481079581454
0.021898078635988756	1594.457737134807
0.021898397547650383	1594.4345230847625
0.02189871455700792	1594.4114364745221
0.021899029687351926	1594.388476368057
0.021899342961099015	1594.3656418491892
0.021899654399835048	1594.3429320207147
0.02189996402435637	1594.3203460035659
0.021900271854709177	1594.2978829360115
0.02190057791022704	1594.2755419728937
0.021900882209566687	1594.2533222849015
0.021901184770742082	1594.2312230578773
0.021901485611156953	1594.209243492156
0.021901784747635683	1594.1873828019359
0.02190208219645278	1594.16564021468
0.021902377973360896	1594.1440149705443
0.021902672093617466	1594.1225063218353
0.021902964572010047	1594.1011135324943
0.02190325542288041	1594.0798358776049
0.021903544660147427	1594.0586726429271
0.021903832297328795	1594.0376231244527
0.021904118347561667	1594.0166866279833
0.02190440282362223	1593.9958624687306
0.021904685737944296	1593.9751499709341
0.02190496710263691	1593.9545484675027
0.021905246929501056	1593.9340572996693
0.02190552523004549	1593.9136758166667
0.02190580201550173	1593.893403375418
0.021906077296838255	1593.8732393402454
0.021906351084773963	1593.8531830825912
0.02190662338979088	1593.8332339807553
0.021906894222146225	1593.8133914196458
0.021907163591883768	1593.793654790543
0.021907431508844628	1593.7740234908756
0.02190769798267742	1593.7544969240064
0.021907963022847872	1593.7350744990351
0.021908226638647936	1593.715755630605
0.02190848883920434	1593.6965397387241
0.0219087496334867	1593.6774262485947
0.021909009030315132	1593.6584145904517
0.021909267038367514	1593.6395041994092
0.021909523666186242	1593.620694515317
0.021909778922184667	1593.6019849826225
0.02191003281465312	1593.5833750502422
0.02191028535176463	1593.5648641714383
0.021910536541580285	1593.546451803703
0.021910786392054293	1593.5281374086476
0.021911034911038744	1593.5099204519006
0.021911282106288076	1593.4918004030071
0.02191152798546333	1593.4737767353367
0.02191177255613611	1593.4558489259948
0.021912015825792306	1593.4380164557394
0.021912257801835647	1593.4202788089017
0.021912498491590975	1593.4026354733112
0.02191273790230738	1593.3850859402241
0.021912976041161124	1593.3676297042568
0.021913212915258384	1593.3502662633214
0.021913448531637857	1593.3329951185644
0.021913682897273173	1593.3158157743117
0.0219139160190752	1593.2987277380105
0.02191414790389418	1593.2817305201809
0.021914378558521762	1593.2648236343634
0.02191460798969289	1593.2480065970742
0.02191483620408759	1593.2312789277605
0.02191506320833267	1593.2146401487573
0.021915289009003254	1593.1980897852475
0.021915513612624306	1593.1816273652225
0.021915737025672004	1593.1652524194478
0.021915959254575058	1593.148964481425
0.021916180305715932	1593.1327630873602
0.02191640018543202	1593.1166477761324
0.021916618900016727	1593.1006180892607
0.021916836455720495	1593.0846735708778
0.021917052858751784	1593.0688137676996
0.021917268115277957	1593.0530382289994
0.021917482231426158	1593.0373465065827
0.021917695213284114	1593.0217381547604
0.021917907066900895	1593.0062127303263
0.021918117798287628	1592.990769792534
0.0219183274134182	1592.975408903075
0.021918535918229856	1592.9601296260566
0.021918743318623847	1592.9449315279817
0.021918949620465977	1592.9298141777274
0.021919154829587152	1592.9147771465286
0.021919358951783895	1592.8998200079566
0.021919561992818828	1592.8849423379017
0.02191976395842113	1592.8701437145567
0.021919964854286995	1592.8554237183978
0.021920164686080015	1592.8407819321696
0.021920363459431595	1592.8262179408678
0.021920561179941334	1592.811731331724
0.021920757853177368	1592.7973216941898
0.021920953484676733	1592.7829886199227
0.021921148079945676	1592.7687317027696
0.02192134164445997	1592.754550538754
0.02192153418366521	1592.7404447260612
0.021921725702977124	1592.7264138650241
0.021921916207781805	1592.712457558111
0.021922105703436015	1592.6985754099105
0.02192229419526743	1592.68476702712
0.02192248168857487	1592.6710320185314
0.021922668188628557	1592.65736999502
0.02192285370067032	1592.64378056953
0.021923038229913837	1592.6302633570647
0.021923221781544835	1592.6168179746721
0.021923404360721304	1592.6034440414353
0.021923585972573698	1592.5901411784585
0.02192376662220512	1592.5769090088565
0.021923946314691536	1592.5637471577434
0.021924125055081928	1592.5506552522204
0.0219243028483985	1592.5376329213666
0.02192447969963685	1592.5246797962247
0.021924655613766122	1592.5117955097935
0.0219248305957292	1592.4989796970135
0.021925004650442864	1592.4862319947595
0.021925177782797935	1592.4735520418283
0.02192534999765946	1592.4609394789284
0.021925521299866853	1592.4483939486686
0.02192569169423405	1592.4359150955495
0.021925861185549657	1592.423502565952
0.0219260297785771	1592.4111560081278
0.02192619747805476	1592.398875072188
0.021926364288696144	1592.386659410095
0.021926530215190004	1592.3745086756508
0.021926695262200473	1592.362422524488
0.02192685943436721	1592.3504006140604
0.02192702273630554	1592.3384426036318
0.021927185172606597	1592.326548154268
0.021927346747837424	1592.3147169288266
0.021927507466541138	1592.3029485919465
0.021927667333237054	1592.2912428100396
0.0219278263524208	1592.2795992512813
0.021927984528564436	1592.268017585601
0.021928141866116625	1592.256497484672
0.0219282983695027	1592.245038621904
0.021928454043124847	1592.233640672432
0.02192860889136218	1592.2223033131081
0.021928762918570894	1592.2110262224928
0.021928916129084368	1592.1998090808452
0.02192906852721329	1592.1886515701146
0.021929220117245782	1592.1775533739315
0.021929370903447515	1592.166514177598
0.02192952089006182	1592.15553366808
0.02192967008130982	1592.1446115339984
0.02192981848139053	1592.1337474656198
0.021929966094480988	1592.1229411548477
0.02193011292473636	1592.112192295215
0.021930258976290043	1592.101500581874
0.021930404253253807	1592.0908657115888
0.021930548759717883	1592.0802873827263
0.02193069249975109	1592.0697652952483
0.02193083547740093	1592.059299150703
0.021930977696693707	1592.0488886522169
0.021931119161634642	1592.0385335044853
0.021931259876207972	1592.0282334137653
0.02193139984437708	1592.0179880878673
0.02193153907008457	1592.0077972361462
0.0219316775572524	1591.9976605694944
0.02193181530978198	1591.9875778003322
0.021931952331554285	1591.9775486426022
0.02193208862642994	1591.9675728117584
0.02193222419824935	1591.9576500247608
0.02193235905083279	1591.9477800000654
0.021932493187980517	1591.937962457618
0.021932626613472873	1591.928197118845
0.021932759331070372	1591.9184837066462
0.021932891344513823	1591.9088219453877
0.02193302265752443	1591.8992115608935
0.021933153273803872	1591.889652280438
0.02193328319703443	1591.8801438327378
0.02193341243087908	1591.8706859479453
0.021933540978981578	1591.8612783576402
0.021933668844966572	1591.8519207948225
0.021933796032439713	1591.8426129939044
0.02193392254498772	1591.8333546907038
0.0219340483861785	1591.8241456224364
0.02193417355956126	1591.8149855277084
0.02193429806866657	1591.8058741465088
0.02193442191700648	1591.7968112202032
0.021934545108074615	1591.7877964915251
0.021934667645346254	1591.7788297045697
0.021934789532278447	1591.7699106047867
0.021934910772310096	1591.7610389389731
0.021935031368862053	1591.752214455266
0.021935151325337205	1591.7434369031355
0.021935270645120585	1591.7347060333775
0.02193538933157945	1591.7260215981075
0.021935507388063387	1591.7173833507522
0.021935624817904377	1591.7087910460446
0.021935741624416912	1591.7002444400152
0.021935857810898074	1591.691743289987
0.02193597338062763	1591.683287354567
0.021936088336868123	1591.6748763936407
0.021936202682864954	1591.6665101683636
0.021936316421846475	1591.6581884411578
0.021936429557024077	1591.649910975702
0.02193654209159228	1591.641677536926
0.02193665402872881	1591.6334878910054
0.021936765371594707	1591.6253418053532
0.021936876123334396	1591.617239048614
0.021936986287075758	1591.6091793906578
0.02193709586593026	1591.6011626025736
0.021937204862993	1591.5931884566617
0.0219373132813428	1591.5852567264296
0.02193742112404231	1591.5773671865836
0.02193752839413807	1591.5695196130232
0.021937635094660606	1591.561713782835
0.021937741228624505	1591.5539494742868
0.021937846799028497	1591.5462264668201
0.02193795180885555	1591.5385445410452
0.02193805626107294	1591.5309034787347
0.02193816015863233	1591.5233030628162
0.02193826350446987	1591.5157430773684
0.021938366301506248	1591.5082233076134
0.021938468552646802	1591.5007435399116
0.021938570260781585	1591.4933035617546
0.021938671428785427	1591.48590316176
0.02193877205951805	1591.4785421296658
0.021938872155824116	1591.4712202563235
0.021938971720533322	1591.4639373336936
0.021939070756460465	1591.4566931548384
0.02193916926640554	1591.4494875139164
0.021939267253153795	1591.4423202061776
0.021939364719475815	1591.4351910279563
0.02193946166812761	1591.4280997766668
0.02193955810185066	1591.4210462507965
0.02193965402337204	1591.4140302499009
0.02193974943540445	1591.4070515745977
0.021939844340646306	1591.4001100265618
0.02193993874178182	1591.3932054085187
0.021940032641481057	1591.3863375242395
0.02194012604240004	1591.3795061785356
0.021940218947180783	1591.3727111772525
0.021940311358451394	1591.3659523272659
0.021940403278826133	1591.3592294364744
0.021940494710905492	1591.3525423137949
0.021940585657276263	1591.345890769158
0.021940676120511614	1591.3392746135007
0.021940766103171146	1591.3326936587632
0.021940855607800975	1591.3261477178823
0.021940944636933808	1591.3196366047862
0.021941033193089	1591.3131601343905
0.021941121278772634	1591.3067181225913
0.021941208896477576	1591.3003103862611
0.02194129604868356	1591.2939367432434
0.021941382737857246	1591.2875970123482
0.021941468966452295	1591.2812910133446
0.021941554736909438	1591.275018566959
0.021941640051656528	1591.2687794948679
0.02194172491310863	1591.2625736196924
0.021941809323668064	1591.2564007649955
0.021941893285724493	1591.2502607552753
0.021941976801654973	1591.2441534159607
0.021942059873824023	1591.2380785734067
0.021942142504583706	1591.2320360548892
0.021942224696273667	1591.2260256885995
0.02194230645122122	1591.2200473036407
0.021942387771741397	1591.2141007300218
0.021942468660137028	1591.2081857986536
0.021942549118698786	1591.2023023413446
0.021942629149705267	1591.1964501907944
0.021942708755423045	1591.19062918059
0.021942787938106733	1591.1848391452015
0.021942866699999054	1591.1790799199769
0.021942945043330893	1591.173351341138
0.021943022970321364	1591.1676532457745
0.021943100483177873	1591.1619854718413
0.021943177584096175	1591.1563478581522
0.021943254275260445	1591.1507402443767
0.021943330558843326	1591.1451624710342
0.02194340643700599	1591.139614379491
0.021943481911898197	1591.1340958119547
0.021943556985658377	1591.1286066114699
0.02194363166041366	1591.123146621914
0.021943705938279948	1591.117715687993
0.02194377982136197	1591.1123136552362
0.021943853311753365	1591.1069403699933
0.021943926411536686	1591.101595679429
0.021943999122783504	1591.096279431519
0.021944071447554458	1591.0909914750455
0.021944143387899302	1591.0857316595936
0.021944214945856966	1591.0804998355457
0.021944286123455604	1591.075295854079
0.021944356922712672	1591.0701195671602
0.021944427345634964	1591.0649708275416
0.02194449739421868	1591.059849488757
0.021944567070449467	1591.0547554051175
0.021944636376302493	1591.0496884317072
0.02194470531374249	1591.0446484243794
0.02194477388472381	1591.0396352397518
0.02194484209119047	1591.0346487352047
0.02194490993507624	1591.0296887688737
0.02194497741830466	1591.0247551996488
0.021945044542789095	1591.0198478871678
0.021945111310432825	1591.0149666918144
0.021945177723129053	1591.0101114747126
0.021945243782760988	1591.005282097724
0.021945309491201884	1591.0004784234432
0.021945374850315096	1590.9957003151949
0.02194543986195413	1590.990947637029
0.021945504527962702	1590.9862202537167
0.021945568850174773	1590.981518030747
0.021945632830414622	1590.9768408343236
0.021945696470496878	1590.9721885313604
0.021945759772226577	1590.967560989477
0.02194582273739921	1590.9629580769968
0.021945885367800795	1590.9583796629418
0.02194594766520789	1590.9538256170292
0.02194600963138766	1590.9492958096685
0.021946071268097937	1590.944790111957
0.02194613257708725	1590.9403083956763
0.02194619356009489	1590.9358505332889
0.021946254218850946	1590.9314163979343
0.02194631455507636	1590.9270058634254
0.021946374570482978	1590.9226188042453
0.021946434266773583	1590.9182550955443
0.021946493645641964	1590.9139146131347
0.021946552708772944	1590.9095972334885
0.02194661145784244	1590.905302833734
0.021946669894517497	1590.9010312916512
0.02194672802045635	1590.89678248567
0.021946785837308466	1590.8925562948652
0.021946843346714574	1590.8883525989547
0.021946900550306733	1590.8841712782944
0.021946957449708367	1590.8800122138755
0.02194701404653431	1590.8758752873218
0.021947070342390847	1590.8717603808855
0.021947126338875786	1590.8676673774437
0.021947182037578453	1590.8635961604969
0.02194723744007979	1590.8595466141621
0.02194729254795235	1590.8555186231738
0.02194734736276038	1590.8515120728782
0.02194740188605985	1590.8475268492302
0.021947456119398485	1590.8435628387904
0.02194751006431583	1590.8396199287215
0.021947563722343282	1590.8356980067867
0.02194761709500413	1590.831796961345
0.021947670183813592	1590.8279166813475
0.021947722990278883	1590.8240570563364
0.02194777551589923	1590.8202179764398
0.021947827762165927	1590.81639933237
0.021947879730562374	1590.8126010154192
0.02194793142256412	1590.8088229174577
0.021947982839638898	1590.8050649309298
0.021948033983246677	1590.8013269488515
0.021948084854839702	1590.7976088648065
0.021948135455862515	1590.7939105729452
0.021948185787752015	1590.7902319679786
0.021948235851937493	1590.786572945178
0.02194828564984068	1590.7829334003716
0.021948335182875773	1590.77931322994
0.021948384452449485	1590.775712330815
0.02194843345996107	1590.7721306004755
0.02194848220680238	1590.7685679369451
0.021948530694357895	1590.7650242387897
0.021948578924004765	1590.761499405114
0.021948626897112848	1590.7579933355585
0.02194867461504474	1590.754505930297
0.021948722079155825	1590.7510370900343
0.021948769290794316	1590.747586716002
0.021948816251301264	1590.7441547099565
0.021948862962010634	1590.7407409741768
0.021948909424249326	1590.7373454114609
0.021948955639337204	1590.7339679251234
0.02194900160858714	1590.7306084189927
0.021949047333305063	1590.7272667974075
0.021949092814789968	1590.723942965216
0.02194913805433398	1590.720636827771
0.021949183053222368	1590.7173482909288
0.021949227812733604	1590.7140772610462
0.021949272334139378	1590.7108236449772
0.021949316618704643	1590.707587350071
0.021949360667687653	1590.7043682841693
0.021949404482339986	1590.7011663556032
0.021949448063906602	1590.6979814731912
0.021949491413625857	1590.6948135462367
0.021949534532729544	1590.6916624845246
0.021949577422442933	1590.688528198319
0.021949620083984798	1590.6854105983618
0.021949662518567455	1590.682309595869
0.02194970472739679	1590.6792251025274
0.021949746711672304	1590.6761570304952
0.02194978847258714	1590.6731052923956
0.021949830011328116	1590.6700698013174
0.021949871329075752	1590.6670504708109
0.02194991242700433	1590.664047214886
0.021949953306281893	1590.6610599480093
0.0219499939680703	1590.6580885851024
0.02195003441352524	1590.655133041539
0.02195007464379629	1590.6521932331427
0.021950114660026922	1590.649269076185
0.02195015446335455	1590.6463604873811
0.021950194054910565	1590.6434673838903
0.02195023343582035	1590.6405896833112
0.021950272607203322	1590.6377273036815
0.02195031157017297	1590.6348801634738
0.02195035032583688	1590.6320481815944
0.021950388875296756	1590.6292312773805
0.021950427219648468	1590.626429370598
0.02195046535998207	1590.62364238144
0.021950503297381848	1590.620870230523
0.021950541032926325	1590.618112838886
0.02195057856768832	1590.6153701279877
0.02195061590273494	1590.6126420197043
0.021950653039127657	1590.6099284363272
0.021950689977922305	1590.6072293005614
0.021950726720169112	1590.604544535522
0.021950763266912744	1590.6018740647337
0.021950799619192326	1590.5992178121269
0.02195083577804147	1590.5965757020374
0.021950871744488305	1590.593947659203
0.021950907519555512	1590.5913336087613
0.02195094310426034	1590.5887334762479
0.021950978499614658	1590.5861471875944
0.021951013706624948	1590.5835746691266
0.02195104872629236	1590.5810158475617
0.02195108355961274	1590.5784706500065
0.02195111820757665	1590.5759390039557
0.021951152671169392	1590.573420837289
0.021951186951371045	1590.57091607827
0.021951221049156488	1590.5684246555434
0.021951254965495427	1590.5659464981334
0.021951288701352427	1590.5634815354422
0.021951322257686933	1590.5610296972463
0.021951355635453303	1590.5585909136964
0.02195138883560083	1590.5561651153143
0.021951421859073773	1590.5537522329914
0.021951454706811372	1590.5513521979863
0.02195148737974789	1590.548964941923
0.021951519878812633	1590.54659039679
0.02195155220492998	1590.544228494937
0.021951584359019397	1590.5418791690731
0.021951616341995477	1590.5395423522657
0.021951648154767956	1590.5372179779374
0.021951679798241742	1590.5349059798657
0.02195171127331695	1590.5326062921802
0.02195174258088891	1590.5303188493597
0.021951773721848204	1590.5280435862328
0.021951804697080683	1590.525780437974
0.0219518355074675	1590.5235293401024
0.021951866153885138	1590.521290228481
0.021951896637205415	1590.5190630393126
0.021951926958295533	1590.5168477091402
0.021951957118018086	1590.5146441748439
0.021951987117231096	1590.5124523736395
0.021952016956788018	1590.5102722430768
0.02195204663753779	1590.508103721038
0.02195207616032484	1590.5059467457347
0.02195210552598912	1590.5038012557084
0.02195213473536611	1590.5016671898263
0.02195216378928686	1590.4995444872818
0.021952192688578016	1590.497433087591
0.02195222143406183	1590.4953329305915
0.021952250026556187	1590.493243956442
0.021952278466874635	1590.4911661056183
0.021952306755826403	1590.489099318913
0.02195233489421642	1590.4870435374346
0.02195236288284535	1590.4849987026034
0.02195239072250959	1590.4829647561523
0.02195241841400133	1590.480941640124
0.02195244595810854	1590.478929296869
0.021952473355615017	1590.476927669045
0.02195250060730038	1590.4749366996136
0.021952527713940125	1590.4729563318415
0.02195255467630562	1590.470986509296
0.02195258149516414	1590.4690271758448
0.0219526081712789	1590.467078275654
0.021952634705409042	1590.4651397531877
0.02195266109830969	1590.463211553204
0.021952687350731942	1590.4612936207557
0.02195271346342293	1590.4593859011877
0.02195273943712581	1590.457488340136
0.02195276527257978	1590.4556008835252
0.021952790970520133	1590.4537234775673
0.021952816531678236	1590.4518560687611
0.021952841956781592	1590.4499986038902
0.021952867246553827	1590.4481510300204
0.02195289240171473	1590.4463132945
0.021952917422980264	1590.4444853449568
0.021952942311062602	1590.4426671292974
0.021952967066670118	1590.4408585957053
0.02195299169050743	1590.4390596926403
0.02195301618327541	1590.437270368836
0.021953040545671217	1590.435490573298
0.0219530647783883	1590.4337202553045
0.021953088882116428	1590.4319593644032
0.021953112857541705	1590.4302078504093
0.02195313670534659	1590.4284656634054
0.021953160426209924	1590.4267327537405
0.021953184020806933	1590.4250090720268
0.02195320748980925	1590.42329456914
0.021953230833884962	1590.421589196216
0.021953254053698596	1590.4198929046515
0.021953277149911153	1590.4182056461023
0.02195330012318011	1590.41652737248
0.021953322974159466	1590.414858035953
0.021953345703499733	1590.413197588944
0.02195336831184798	1590.4115459841291
0.021953390799847827	1590.4099031744358
0.02195341316813948	1590.4082691130423
0.021953435417359744	1590.4066437533754
0.021953457548142048	1590.4050270491105
0.021953479561116446	1590.4034189541687
0.021953501456909646	1590.401819422717
0.021953523236145026	1590.4002284091655
0.021953544899442658	1590.3986458681673
0.021953566447419318	1590.3970717546167
0.0219535878806885	1590.3955060236483
0.02195360919986044	1590.3939486306351
0.021953630405542133	1590.3923995311875
0.02195365149833736	1590.390858681152
0.021953672478846675	1590.3893260366099
0.021953693347667447	1590.3878015538767
0.021953714105393877	1590.3862851895008
0.021953734752617	1590.3847769002602
0.021953755289924715	1590.3832766431644
0.021953775717901806	1590.381784375451
0.021953796037129936	1590.3803000545847
0.02195381624818768	1590.3788236382577
0.021953836351650546	1590.3773550843862
0.021953856348090977	1590.3758943511111
0.02195387623807837	1590.3744413967956
0.021953896022179106	1590.3729961800248
0.021953915700956554	1590.3715586596036
0.021953935274971085	1590.3701287945569
0.021953954744780093	1590.3687065441268
0.021953974110938013	1590.367291867773
0.02195399337399633	1590.3658847251704
0.021954012534503596	1590.364485076209
0.021954031593005456	1590.3630928809916
0.02195405055004465	1590.361708099834
0.02195406940616103	1590.3603306932628
0.021954088161891587	1590.3589606220148
0.02195410681777045	1590.357597847035
0.021954125374328917	1590.356242329478
0.02195414383209546	1590.354894030703
0.02195416219159574	1590.3535529122762
0.021954180453352623	1590.352218935968
0.02195419861788619	1590.350892063752
0.021954216685713776	1590.3495722578045
0.02195423465734995	1590.3482594805032
0.021954252533306545	1590.3469536944256
0.02195427031409269	1590.3456548623483
0.021954288000214796	1590.3443629472463
0.021954305592176582	1590.3430779122916
0.021954323090479094	1590.3417997208524
0.021954340495620707	1590.3405283364914
0.021954357808097156	1590.3392637229654
0.021954375028401533	1590.3380058442237
0.021954392157024313	1590.336754664408
0.021954409194453364	1590.335510147851
0.021954426141173957	1590.3342722590749
0.02195444299766879	1590.3330409627904
0.021954459764417983	1590.3318162238966
0.021954476441899122	1590.3305980074792
0.021954493030587233	1590.3293862788098
0.021954509530954833	1590.328181003344
0.021954525943471918	1590.326982146723
0.02195454226860599	1590.325789674769
0.021954558506822066	1590.3246035534873
0.02195457465858269	1590.3234237490633
0.021954590724347946	1590.322250227863
0.021954606704575472	1590.3210829564312
0.021954622599720464	1590.3199219014907
0.021954638410235715	1590.318767029942
0.0219546541365716	1590.3176183088603
0.0219546697791761	1590.3164757054976
0.021954685338494824	1590.3153391872797
0.021954700814970998	1590.3142087218055
0.021954716209045495	1590.3130842768464
0.021954731521156852	1590.3119658203454
0.021954746751741264	1590.3108533204165
0.021954761901232613	1590.3097467453426
0.02195477697006247	1590.3086460635764
0.02195479195866012	1590.3075512437374
0.021954806867452555	1590.306462254613
0.0219548216968645	1590.3053790651566
0.02195483644731842	1590.3043016444865
0.021954851119234536	1590.3032299618853
0.021954865713030833	1590.3021639868002
0.02195488022912308	1590.3011036888402
0.021954894667924826	1590.3000490377754
0.021954909029847418	1590.2990000035377
0.02195492331530003	1590.297956556219
0.021954937524689657	1590.2969186660703
0.021954951658421117	1590.2958863035
0.021954965716897087	1590.294859439076
0.02195497970051809	1590.2938380435207
0.02195499360968254	1590.2928220877145
0.021955007444786716	1590.291811542691
0.021955021206224796	1590.2908063796385
0.02195503489438886	1590.2898065698992
0.0219550485096689	1590.2888120849673
0.021955062052452835	1590.287822896489
0.021955075523126522	1590.286838976261
0.021955088922073773	1590.285860296231
0.021955102249676346	1590.284886828495
0.021955115506313978	1590.283918545298
0.021955128692364385	1590.2829554190332
0.021955141808203276	1590.28199742224
0.021955154854204354	1590.281044527604
0.021955167830739336	1590.2800967079568
0.021955180738177964	1590.279153936274
0.021955193576888025	1590.2782161856758
0.021955206347235332	1590.2772834294246
0.021955219049583766	1590.276355640926
0.02195523168429526	1590.2754327937264
0.021955244251729834	1590.2745148615131
0.021955256752245585	1590.2736018181142
0.02195526918619871	1590.2726936374968
0.02195528155394351	1590.2717902937657
0.021955293855832392	1590.2708917611646
0.021955306092215906	1590.269998014074
0.021955318263442724	1590.269109027011
0.021955330369859673	1590.2682247746277
0.021955342411811733	1590.267345231712
0.02195535438964204	1590.2664703731853
0.021955366303691916	1590.2656001741027
0.021955378154300858	1590.2647346096524
0.021955389941806562	1590.2638736551542
0.02195540166654493	1590.26301728606
0.021955413328850076	1590.2621654779514
0.021955424929054338	1590.2613182065406
0.021955436467488283	1590.260475447669
0.02195544794448072	1590.2596371773066
0.021955459360358708	1590.2588033715513
0.02195547071544757	1590.257974006628
0.021955482010070894	1590.2571490588891
0.021955493244550553	1590.256328504812
0.021955504419206705	1590.255512320999
0.0219555155343578	1590.254700484178
0.02195552659032059	1590.2538929712005
0.021955537587410156	1590.2530897590407
0.02195554852593989	1590.252290824796
0.021955559406221535	1590.2514961456852
0.021955570228565157	1590.250705699049
0.021955580993279177	1590.2499194623479
0.021955591700670383	1590.2491374131632
0.02195560235104392	1590.248359529195
0.02195561294470332	1590.247585788263
0.021955623481950487	1590.2468161683032
0.021955633963085735	1590.2460506473706
0.021955644388407768	1590.245289203637
0.02195565475821371	1590.2445318153896
0.021955665072799092	1590.2437784610318
0.02195567533245788	1590.243029119082
0.021955685537482488	1590.2422837681722
0.021955695688163752	1590.2415423870495
0.021955705784790978	1590.2408049545727
0.021955715827651923	1590.2400714497142
0.021955725817032815	1590.2393418515574
0.02195573575321836	1590.238616139298
0.021955745636491747	1590.2378942922426
0.021955755467134665	1590.2371762898067
0.021955765245427295	1590.2364621115169
0.021955774971648332	1590.2357517370074
0.02195578464607499	1590.235045146022
0.02195579426898301	1590.2343423184116
0.02195580384064666	1590.2336432341347
0.02195581336133875	1590.2329478732563
0.021955822831330643	1590.2322562159477
0.021955832250892246	1590.231568242486
0.021955841620292044	1590.2308839332527
0.02195585093979709	1590.230203268734
0.021955860209673012	1590.2295262295202
0.02195586943018403	1590.2288527963049
0.021955878601592947	1590.2281829498843
0.021955887724161186	1590.2275166711572
0.02195589679814876	1590.2268539411236
0.021955905823814317	1590.2261947408847
0.021955914801415108	1590.225539051643
0.02195592373120703	1590.2248868547001
0.02195593261344461	1590.2242381314582
0.021955941448381026	1590.2235928634177
0.02195595023626811	1590.2229510321781
0.021955958977356357	1590.2223126194363
0.021955967671894918	1590.2216776069865
0.02195597632013162	1590.2210459767207
0.02195598492231298	1590.2204177106269
0.021955993478684196	1590.2197927907887
0.021956001989489167	1590.2191711993858
0.021956010454970486	1590.218552918692
0.02195601887536946	1590.217937931076
0.021956027250926116	1590.2173262190001
0.0219560355818792	1590.21671776502
0.02195604386846618	1590.2161125517848
0.021956052110923274	1590.2155105620348
0.021956060309485433	1590.2149117786032
0.02195606846438636	1590.2143161844144
0.02195607657585852	1590.2137237624838
0.02195608464413313	1590.2131344959168
0.021956092669440187	1590.212548367909
0.021956100652008457	1590.211965361746
0.021956108592065492	1590.2113854608017
0.021956116489837637	1590.2108086485384
0.021956124345550023	1590.2102349085071
0.02195613215942659	1590.2096642243462
0.02195613993169009	1590.2090965797804
0.02195614766256208	1590.208531958622
0.021956155352262946	1590.2079703447691
0.021956163001011896	1590.207411722206
0.021956170609026982	1590.2068560750015
0.021956178176525086	1590.2063033873094
0.02195618570372194	1590.2057536433683
0.02195619319083213	1590.2052068275
0.0219562006380691	1590.2046629241102
0.021956208045645163	1590.204121917687
0.021956215413771494	1590.2035837928015
0.02195622274265817	1590.2030485341068
0.021956230032514134	1590.2025161263368
0.021956237283547234	1590.2019865543077
0.02195624449596421	1590.2014598029148
0.021956251669970717	1590.2009358571345
0.02195625880577132	1590.2004147020223
0.021956265903569517	1590.1998963227127
0.02195627296356773	1590.199380704419
0.02195627998596734	1590.198867832431
0.021956286970968675	1590.1983576921166
0.02195629391877104	1590.1978502689196
0.021956300829572718	1590.1973455483592
0.021956307703570994	1590.1968435160288
0.02195631454096218	1590.1963441575956
0.02195632134194163	1590.195847458799
0.02195632810670378	1590.1953534054492
0.021956334835442175	1590.1948619834238
0.021956341528349514	1590.1943731786691
0.021956348185617713	1590.1938869771943
0.021956354807437958	1590.1934033650696
0.021956361394000805	1590.192922328422
0.02195636794549626	1590.1924438534306
0.02195637446211392	1590.1919679263206
0.02195638094404316	1590.1914945333551
0.02195638739147329	1590.1910236608273
0.021956393804593834	1590.190555295046
0.02195640018359487	1590.190089422323
0.02195640652866741	1590.189626028953
0.021956412840003933	1590.1891651011906
0.021956419117799015	1590.1887066252207
0.02195642536225017	1590.1882505871195
0.021956431573558866	1590.1877969728082
0.02195643775193184	1590.1873457679928
0.021956443897582754	1590.1868969580885
0.021956450010734284	1590.186450528123
0.02195645609162076	1590.1860064626164
0.021956462140491514	1590.1855647454274
0.0219564681576151	1590.1851253595598
0.02195647414328466	1590.1846882869186
0.021956480097824645	1590.1842535079986
0.021956486021599417	1590.1838210014937
0.021956491915024048	1590.183390743801
0.021956497778578	1590.1829627083946
0.021956503612822437	1590.1825368650318
0.021956509418422098	1590.1821131787497
0.02195651519617293	1590.1816916085943
0.021956520947036953	1590.1812721060103
0.021956526672186037	1590.180854612795
0.021956532373056687	1590.1804390584941
0.02195653805141751	1590.180025357057
0.02195654370945011	1590.1796134024864
0.021956549349839923	1590.1792030630234
0.021956554975862005	1590.1787941730033
0.021956560591415007	1590.1783865205487
0.021956566200874425	1590.1779798268776
0.021956571808423222	1590.177573707087
0.02195657741597202	1590.1771675872965
