0.02	1645.7417033186725
0.020000000000000004	1645.7417033186725
0.020000000000000004	1645.7417033186725
0.020000000000000004	1645.7417033186725
0.020000000000000004	1645.7417033186725
0.020000000000000004	1645.7417033186725
0.020000000000000004	1645.7417033186725
0.020000000000000004	1645.7417033186725
0.020000000000000004	1645.7417033186725
0.020000000000000004	1645.7417033186725
0.020000000000000004	1645.7417033186725
0.020000000000000004	1645.7417033186725
0.020000000000000004	1645.7417033186725
0.020000000000000004	1645.7417033186725
0.020000000000000004	1645.7417033186725
0.020000000000000004	1645.7417033186725
0.020000000000000004	1645.7417033186725
0.020000000000000004	1645.7417033186725
0.020000000000000004	1645.7417033186725
0.020000000000000004	1645.7417033186725
0.020000000000000004	1645.7417033186725
0.020000000000000004	1645.7417033186725
0.020000000000000004	1645.7417033186725
0.020000000000000004	1645.7417033186725
0.020000000000000004	1645.7417033186725
0.020000000000000004	1645.7417033186725
0.020000000000000004	1645.7417033186725
0.020000000000000004	1645.7417033186725
0.020000000000000004	1645.7417033186725
0.020000000000000004	1645.7417033186725
0.020000000000000004	1645.7417033186725
0.020000000000000004	1645.7417033186725
0.020000000000000004	1645.7417033186725
0.020000000000000004	1645.7417033186725
0.020000000000000004	1645.7417033186725
0.020000000000000004	1645.7417033186725
0.020000000000000004	1645.7417033186725
0.020000000000000004	1645.7417033186725
0.020000000000000004	1645.7417033186725
0.020000000000000004	1645.7417033186725
0.020000000000000004	1645.7417033186725
0.020000000000000004	1645.7417033186725
0.020000000000000004	1645.7417033186725
0.020000000000000004	1645.7417033186725
0.020000000000000004	1645.7417033186725
0.020000000000000004	1645.7417033186725
0.020000000000000004	1645.7417033186725
0.020000000000000004	1645.7417033186725
0.020000000000000004	1645.7417033186725
0.020000000000000004	1645.7417033186725
0.020000000000000004	1645.7417033186725
0.020000000000000004	1645.7417033186725
0.020000000000000004	1645.7417033186725
0.020000000000000004	1645.7417033186725
0.020000000000000004	1645.7417033186725
0.020000000000000004	1645.7417033186725
0.020000000000000004	1645.7417033186725
0.020000000000000004	1645.7417033186725
0.020000000000000004	1645.7417033186725
0.020000000000000004	1645.7417033186725
0.020000000000000004	1645.7417033186725
0.020000000000000004	1645.7417033186725
0.020000000000000004	1645.7417033186725
0.020000000000000004	1645.7417033186725
0.020000000000000004	1645.7417033186725
0.020000000000000004	1645.7417033186725
0.020000000000000004	1645.7417033186725
0.020000000000000004	1645.7417033186725
0.020000000000000004	1645.7417033186725
0.020000000000000004	1645.7417033186725
0.020000000000000004	1645.7417033186725
0.020000000000000004	1645.7417033186725
0.020000000000000004	1645.7417033186725
0.020000000000000004	1645.7417033186725
0.020000000000000004	1645.7417033186725
0.020000000000000004	1645.7417033186725
0.020000000000000004	1645.7417033186725
0.020000000000000004	1645.7417033186725
0.020000000000000004	1645.7417033186725
0.020000000000000004	1645.7417033186725
0.020000000000000004	1645.7417033186725
0.020000000000000004	1645.7417033186725
0.020000000000000004	1645.7417033186725
0.020000000000000004	1645.7417033186725
0.020000000000000004	1645.7417033186725
0.020000000000000004	1645.7417033186725
0.020000000000000004	1645.7417033186725
0.020000000000000004	1645.7417033186725
0.020000000000000004	1645.7417033186725
0.020000000000000004	1645.7417033186725
0.020000000000000004	1645.7417033186725
0.020000000000000004	1645.7417033186725
0.020000000000000004	1645.7417033186725
0.020000000000000004	1645.7417033186725
0.020000000000000004	1645.7417033186725
0.020000000000000004	1645.7417033186725
0.020000000000000004	1645.7417033186725
0.020000000000000004	1645.7417033186725
0.020000000000000004	1645.7417033186725
0.020000000000000004	1645.7417033186725
0.020000000000000004	1645.7417033186725
0.020000000000000004	1645.7417033186725
0.020000000000000004	1645.7417033186725
0.020000000000000004	1645.7417033186725
0.020000000000000004	1645.7417033186725
0.020000000000000004	1645.7417033186725
0.020000000000000004	1645.7417033186725
0.020000000000000004	1645.7417033186725
0.020000000000000004	1645.7417033186725
0.020000000000000004	1645.7417033186725
0.020000000000000004	1645.7417033186725
0.020000000000000004	1645.7417033186725
0.020000000000000004	1645.7417033186725
0.020000000000000004	1645.7417033186725
0.020000000000000004	1645.7417033186725
0.020000000000000004	1645.7417033186725
0.020000000000000004	1645.7417033186725
0.020000000000000004	1645.7417033186725
0.020000000000000004	1645.7417033186725
0.020000000000000004	1645.7417033186725
0.020000000000000004	1645.7417033186725
0.020000000000000004	1645.7417033186725
0.020000000000000004	1645.7417033186725
0.020000000000000004	1645.7417033186725
0.020000000000000004	1645.7417033186725
0.020000000000000004	1645.7417033186725
0.020000000000000004	1645.7417033186725
0.020000000000000004	1645.7417033186725
0.020000000000000004	1645.7417033186725
0.020000000000000004	1645.7417033186725
0.020000000000000004	1645.7417033186725
0.020000000000000004	1645.7417033186725
0.020000000000000004	1645.7417033186725
0.020000000000000004	1645.7417033186725
0.020000000000000004	1645.7417033186725
0.020000000000000004	1645.7417033186725
0.020000000000000004	1645.7417033186725
0.020000000000000004	1645.7417033186725
0.020000000000000004	1645.7417033186725
0.020000000000000004	1645.7417033186725
0.020000000000000004	1645.7417033186725
0.020000000000000004	1645.7417033186725
0.020000000000000004	1645.7417033186725
0.020000000000000004	1645.7417033186725
0.020000000000000004	1645.7417033186725
0.020000000000000004	1645.7417033186725
0.020000000000000004	1645.7417033186725
0.020000000000000004	1645.7417033186725
0.020000000000000004	1645.7417033186725
0.020000000000000004	1645.7417033186725
0.020000000000000004	1645.7417033186725
0.020000000000000004	1645.7417033186725
0.020000000000000004	1645.7417033186725
0.020000000000000004	1645.7417033186725
0.020000000000000004	1645.7417033186725
0.020000000000000004	1645.7417033186725
0.020000000000000004	1645.7417033186725
0.020000000000000004	1645.7417033186725
0.020000000000000004	1645.7417033186725
0.020000000000000004	1645.7417033186725
0.020000000000000004	1645.7417033186725
0.020000000000000004	1645.7417033186725
0.020000000000000004	1645.7417033186725
0.020000000000000004	1645.7417033186725
0.020000000000000004	1645.7417033186725
0.020000000000000004	1645.7417033186725
0.020000000000000004	1645.7417033186725
0.020000000000000004	1645.7417033186725
0.020000000000000004	1645.7417033186725
0.020000000000000004	1645.7417033186725
0.020000000000000004	1645.7417033186725
0.020000000000000004	1645.7417033186725
0.020000000000000004	1645.7417033186725
0.020000000000000004	1645.7417033186725
0.020000000000000004	1645.7417033186725
0.020000000000000004	1645.7417033186725
0.020000000000000004	1645.7417033186725
0.020000000000000004	1645.7417033186725
0.020000000000000004	1645.7417033186725
0.020000000000000004	1645.7417033186725
0.020000000000000004	1645.7417033186725
0.020000000000000004	1645.7417033186725
0.020000000000000004	1645.7417033186725
0.020000000000000004	1645.7417033186725
0.020000000000000004	1645.7417033186725
0.020000000000000004	1645.7417033186725
0.020000000000000004	1645.7417033186725
0.020000000000000004	1645.7417033186725
0.020000000000000004	1645.7417033186725
0.020000000000000004	1645.7417033186725
0.020000000000000004	1645.7417033186725
0.020000000000000004	1645.7417033186725
0.020000000000000004	1645.7417033186725
0.020000000000000004	1645.7417033186725
0.020000000000000004	1645.7417033186725
0.020000000000000004	1645.7417033186725
0.020000000000000004	1645.7417033186725
0.020000000000000004	1645.7417033186725
0.020000000000000004	1645.7417033186725
0.020000000000000004	1645.7417033186725
0.020000000000000004	1645.7417033186725
0.020000000000000004	1645.7417033186725
0.020000000000000004	1645.7417033186725
0.020000000000000004	1645.7417033186725
0.020000000000000004	1645.7417033186725
0.020000000000000004	1645.7417033186725
0.020000000000000004	1645.7417033186725
0.020000000000000004	1645.7417033186725
0.020000000000000004	1645.7417033186725
0.020000000000000004	1645.7417033186725
0.020000000000000004	1645.7417033186725
0.020000000000000004	1645.7417033186725
0.020000000000000004	1645.7417033186725
0.020000000000000004	1645.7417033186725
0.020000000000000004	1645.7417033186725
0.020000000000000004	1645.7417033186725
0.020000000000000004	1645.7417033186725
0.020000000000000004	1645.7417033186725
0.020000000000000004	1645.7417033186725
0.020000000000000004	1645.7417033186725
0.020000000000000004	1645.7417033186725
0.020000000000000004	1645.7417033186725
0.020000000000000004	1645.7417033186725
0.020000000000000004	1645.7417033186725
0.020000000000000004	1645.7417033186725
0.020000000000000004	1645.7417033186725
0.020000000000000004	1645.7417033186725
0.020000000000000004	1645.7417033186725
0.020000000000000004	1645.7417033186725
0.020000000000000004	1645.7417033186725
0.020000000000000004	1645.7417033186725
0.020000000000000004	1645.7417033186725
0.020000000000000004	1645.7417033186725
0.020000000000000004	1645.7417033186725
0.020000000000000004	1645.7417033186725
0.020000000000000004	1645.7417033186725
0.020000000000000004	1645.7417033186725
0.020000000000000004	1645.7417033186725
0.020000000000000004	1645.7417033186725
0.020000000000000004	1645.7417033186725
0.020000000000000004	1645.7417033186725
0.020000000000000004	1645.7417033186725
0.020000000000000004	1645.7417033186725
0.020000000000000004	1645.7417033186725
0.020000000000000004	1645.7417033186725
0.020000000000000004	1645.7417033186725
0.020000000000000004	1645.7417033186725
0.020000000000000004	1645.7417033186725
0.020000000000000004	1645.7417033186725
0.020000000000000004	1645.7417033186725
0.020000000000000004	1645.7417033186725
0.020000000000000004	1645.7417033186725
0.020000000000000004	1645.7417033186725
0.020000000000000004	1645.7417033186725
0.020000000000000004	1645.7417033186725
0.020000000000000004	1645.7417033186725
0.020000000000000004	1645.7417033186725
0.020000000000000004	1645.7417033186725
0.020000000000000004	1645.7417033186725
0.020000000000000004	1645.7417033186725
0.020000000000000004	1645.7417033186725
0.020000000000000004	1645.7417033186725
0.020000000000000004	1645.7417033186725
0.020000000000000004	1645.7417033186725
0.020000000000000004	1645.7417033186725
0.020000000000000004	1645.7417033186725
0.020000000000000004	1645.7417033186725
0.020000000000000004	1645.7417033186725
0.020000000000000004	1645.7417033186725
0.020000000000000004	1645.7417033186725
0.020000000000000004	1645.7417033186725
0.020000000000000004	1645.7417033186725
0.020000000000000004	1645.7417033186725
0.020000000000000004	1645.7417033186725
0.020000000000000004	1645.7417033186725
0.020000000000000004	1645.7417033186725
0.020000000000000004	1645.7417033186725
0.020000000000000004	1645.7417033186725
0.020000000000000004	1645.7417033186725
0.020000000000000004	1645.7417033186725
0.020000000000000004	1645.7417033186725
0.020000000000000004	1645.7417033186725
0.020000000000000004	1645.7417033186725
0.020000000000000004	1645.7417033186725
0.020000000000000004	1645.7417033186725
0.020000000000000004	1645.7417033186725
0.020000000000000004	1645.7417033186725
0.020000000000000004	1645.7417033186725
0.020000000000000004	1645.7417033186725
0.020000000000000004	1645.7417033186725
0.020000000000000004	1645.7417033186725
0.020000000000000004	1645.7417033186725
0.020000000000000004	1645.7417033186725
0.020000000000000004	1645.7417033186725
0.020000000000000004	1645.7417033186725
0.020000000000000004	1645.7417033186725
0.020000000000000004	1645.7417033186725
0.020000000000000004	1645.7417033186725
0.020000000000000004	1645.7417033186725
0.020000000000000004	1645.7417033186725
0.020000000000000004	1645.7417033186725
0.020000000000000004	1645.7417033186725
0.020000000000000004	1645.7417033186725
0.020000000000000004	1645.7417033186725
0.020000000000000004	1645.7417033186725
0.020000000000000004	1645.7417033186725
0.020000000000000004	1645.7417033186725
0.020000000000000004	1645.7417033186725
0.020000000000000004	1645.7417033186725
0.020000000000000004	1645.7417033186725
0.020000000000000004	1645.7417033186725
0.020000000000000004	1645.7417033186725
0.020000000000000004	1645.7417033186725
0.020000000000000004	1645.7417033186725
0.020000000000000004	1645.7417033186725
0.020000000000000004	1645.7417033186725
0.020000000000000004	1645.7417033186725
0.020000000000000004	1645.7417033186725
0.020000000000000004	1645.7417033186725
0.020000000000000004	1645.7417033186725
0.020000000000000004	1645.7417033186725
0.020000000000000004	1645.7417033186725
0.020000000000000004	1645.7417033186725
0.020000000000000004	1645.7417033186725
0.020000000000000004	1645.7417033186725
0.020000000000000004	1645.7417033186725
0.020000000000000004	1645.7417033186725
0.020000000000000004	1645.7417033186725
0.020000000000000004	1645.7417033186725
0.020000000000000004	1645.7417033186725
0.020000000000000004	1645.7417033186725
0.020000000000000004	1645.7417033186725
0.020000000000000004	1645.7417033186725
0.020000000000000004	1645.7417033186725
0.020000000000000004	1645.7417033186725
0.020000000000000004	1645.7417033186725
0.020000000000000004	1645.7417033186725
0.020000000000000004	1645.7417033186725
0.020000000000000004	1645.7417033186725
0.020000000000000004	1645.7417033186725
0.020000000000000004	1645.7417033186725
0.020000000000000004	1645.7417033186725
0.020000000000000004	1645.7417033186725
0.020000000000000004	1645.7417033186725
0.020000000000000004	1645.7417033186725
0.020000000000000004	1645.7417033186725
0.020000000000000004	1645.7417033186725
0.020000000000000004	1645.7417033186725
0.020000000000000004	1645.7417033186725
0.020000000000000004	1645.7417033186725
0.020000000000000004	1645.7417033186725
0.020000000000000004	1645.7417033186725
0.020000000000000004	1645.7417033186725
0.020000000000000004	1645.7417033186725
0.020000000000000004	1645.7417033186725
0.020000000000000004	1645.7417033186725
0.020000000000000004	1645.7417033186725
0.020000000000000004	1645.7417033186725
0.020000000000000004	1645.7417033186725
0.020000000000000004	1645.7417033186725
0.020000000000000004	1645.7417033186725
0.020000000000000004	1645.7417033186725
0.020000000000000004	1645.7417033186725
0.020000000000000004	1645.7417033186725
0.020000000000000004	1645.7417033186725
0.020000000000000004	1645.7417033186725
0.020000000000000004	1645.7417033186725
0.020000000000000004	1645.7417033186725
0.020000000000000004	1645.7417033186725
0.020000000000000004	1645.7417033186725
0.020000000000000004	1645.7417033186725
0.020000000000000004	1645.7417033186725
0.020000000000000004	1645.7417033186725
0.020000000000000004	1645.7417033186725
0.020000000000000004	1645.7417033186725
0.020000000000000004	1645.7417033186725
0.020000000000000004	1645.7417033186725
0.020000000000000004	1645.7417033186725
0.020000000000000004	1645.7417033186725
0.020000000000000004	1645.7417033186725
0.020000000000000004	1645.7417033186725
0.020000000000000004	1645.7417033186725
0.020000000000000007	1645.7417033186725
0.02000000000000001	1645.7417033186725
0.020000000000000018	1645.7417033186725
0.020000000000000028	1645.7417033186725
0.02000000000000004	1645.7417033186725
0.020000000000000052	1645.7417033186725
0.02000000000000007	1645.7417033186725
0.020000000000000087	1645.7417033186723
0.020000000000000108	1645.741703318672
0.020000000000000132	1645.7417033186716
0.020000000000000157	1645.741703318671
0.020000000000000184	1645.7417033186703
0.020000000000000216	1645.7417033186694
0.020000000000000247	1645.7417033186682
0.02000000000000028	1645.741703318667
0.020000000000000323	1645.7417033186657
0.020000000000000365	1645.7417033186641
0.020000000000000406	1645.7417033186625
0.020000000000000455	1645.7417033186607
0.020000000000000503	1645.7417033186587
0.020000000000000552	1645.7417033186566
0.020000000000000608	1645.7417033186543
0.020000000000000663	1645.7417033186518
0.02000000000000072	1645.7417033186493
0.02000000000000078	1645.7417033186466
0.020000000000000843	1645.7417033186437
0.020000000000000906	1645.7417033186407
0.020000000000000975	1645.7417033186375
0.020000000000001045	1645.741703318634
0.020000000000001114	1645.7417033186307
0.02000000000000119	1645.741703318627
0.020000000000001267	1645.7417033186232
0.02000000000000135	1645.741703318619
0.020000000000001433	1645.741703318615
0.02000000000000152	1645.7417033186107
0.020000000000001617	1645.7417033186061
0.020000000000001728	1645.7417033186011
0.020000000000001846	1645.741703318596
0.020000000000001978	1645.7417033185905
0.02000000000000212	1645.7417033185845
0.020000000000002273	1645.741703318578
0.020000000000002436	1645.741703318571
0.020000000000002613	1645.741703318563
0.020000000000002804	1645.741703318554
0.020000000000003005	1645.7417033185448
0.020000000000003217	1645.7417033185345
0.020000000000003442	1645.7417033185236
0.02000000000000368	1645.7417033185118
0.020000000000003945	1645.7417033184993
0.02000000000000423	1645.7417033184859
0.020000000000004535	1645.7417033184718
0.020000000000004868	1645.741703318457
0.020000000000005222	1645.7417033184406
0.020000000000005604	1645.7417033184229
0.02000000000000601	1645.7417033184036
0.020000000000006447	1645.7417033183829
0.02000000000000692	1645.7417033183604
0.020000000000007425	1645.7417033183358
0.020000000000007973	1645.7417033183096
0.02000000000000856	1645.741703318281
0.02000000000000919	1645.7417033182503
0.020000000000009868	1645.7417033182176
0.020000000000010593	1645.7417033181825
0.02000000000001137	1645.7417033181448
0.020000000000012206	1645.7417033181048
0.020000000000013105	1645.7417033180618
0.02000000000001407	1645.7417033180159
0.020000000000015106	1645.7417033179668
0.020000000000016217	1645.7417033179142
0.020000000000017414	1645.7417033178576
0.0200000000000187	1645.7417033177971
0.02000000000002008	1645.7417033177326
0.020000000000021566	1645.741703317663
0.020000000000023166	1645.7417033175886
0.02000000000002488	1645.741703317509
0.02000000000002672	1645.7417033174231
0.020000000000028696	1645.7417033173308
0.02000000000003082	1645.7417033172314
0.020000000000033102	1645.7417033171246
0.020000000000035552	1645.7417033170102
0.020000000000038185	1645.7417033168872
0.020000000000041013	1645.741703316755
0.02000000000004405	1645.7417033166132
0.020000000000047303	1645.7417033164606
0.020000000000050793	1645.7417033162974
0.020000000000054537	1645.741703316122
0.02000000000005855	1645.741703315934
0.02000000000006286	1645.7417033157326
0.020000000000067485	1645.7417033155164
0.02000000000007245	1645.741703315285
0.020000000000077775	1645.7417033150366
0.020000000000083482	1645.74170331477
0.02000000000008961	1645.741703314484
0.020000000000096173	1645.7417033141783
0.02000000000010321	1645.74170331385
0.020000000000110756	1645.7417033134982
0.02000000000011884	1645.741703313122
0.020000000000127506	1645.7417033127185
0.020000000000136797	1645.741703312286
0.020000000000146755	1645.7417033118227
0.020000000000157423	1645.7417033113263
0.020000000000168855	1645.741703310795
0.02000000000018111	1645.7417033102258
0.02000000000019423	1645.7417033096165
0.020000000000208278	1645.741703308964
0.020000000000223322	1645.7417033082656
0.020000000000239427	1645.7417033075178
0.020000000000256674	1645.7417033067177
0.020000000000275134	1645.7417033058614
0.020000000000294893	1645.7417033049448
0.020000000000316043	1645.7417033039642
0.02000000000033868	1645.7417033029144
0.020000000000362908	1645.7417033017914
0.02000000000038884	1645.7417033005897
0.020000000000416587	1645.7417032993044
0.020000000000446272	1645.7417032979295
0.020000000000478024	1645.7417032964593
0.020000000000511994	1645.7417032948872
0.020000000000548326	1645.7417032932065
0.020000000000587183	1645.7417032914097
0.020000000000628737	1645.741703289489
0.020000000000673163	1645.7417032874355
0.020000000000720667	1645.7417032852406
0.020000000000771456	1645.7417032828946
0.020000000000825743	1645.7417032803876
0.020000000000883776	1645.7417032777087
0.020000000000945806	1645.7417032748465
0.020000000001012097	1645.7417032717888
0.020000000001082936	1645.7417032685225
0.02000000000115863	1645.7417032650335
0.020000000001239502	1645.741703261307
0.020000000001325898	1645.7417032573273
0.02000000000141819	1645.7417032530777
0.020000000001516763	1645.7417032485407
0.020000000001622043	1645.7417032436967
0.02000000000173447	1645.7417032385258
0.020000000001854524	1645.7417032330059
0.020000000001982706	1645.7417032271146
0.020000000002119565	1645.7417032208275
0.02000000000226566	1645.7417032141184
0.0200000000024216	1645.7417032069595
0.020000000002588048	1645.7417031993216
0.020000000002765684	1645.7417031911737
0.020000000002955244	1645.7417031824825
0.020000000003157513	1645.741703173212
0.020000000003373316	1645.7417031633252
0.020000000003603545	1645.7417031527823
0.020000000003849137	1645.7417031415403
0.02000000000411109	1645.741703129554
0.02000000000439047	1645.741703116776
0.020000000004688413	1645.7417031031546
0.020000000005006117	1645.741703088636
0.020000000005344878	1645.7417030731626
0.020000000005706047	1645.7417030566728
0.020000000006091066	1645.7417030391016
0.02000000000650148	1645.7417030203803
0.02000000000693893	1645.7417030004353
0.020000000007405143	1645.7417029791889
0.020000000007901964	1645.741702956558
0.02000000000843136	1645.7417029324542
0.02000000000899541	1645.7417029067853
0.020000000009596324	1645.741702879452
0.02000000001023646	1645.7417028503492
0.02000000001091832	1645.7417028193652
0.02000000001164454	1645.7417027863814
0.020000000012417946	1645.7417027512727
0.020000000013241526	1645.7417027139052
0.02000000001411845	1645.741702674138
0.0200000000150521	1645.7417026318208
0.020000000016046047	1645.7417025867944
0.020000000017104082	1645.7417025388906
0.02000000001823024	1645.7417024879303
0.020000000019428796	1645.7417024337235
0.020000000020704282	1645.7417023760693
0.02000000002206152	1645.7417023147543
0.020000000023505608	1645.7417022495526
0.020000000025041955	1645.7417021802244
0.020000000026676325	1645.7417021065162
0.020000000028414792	1645.7417020281587
0.020000000030263827	1645.7417019448671
0.02000000003223028	1645.7417018563394
0.020000000034321407	1645.7417017622558
0.020000000036544906	1645.7417016622776
0.020000000038908936	1645.7417015560457
0.02000000004142215	1645.74170144318
0.020000000044093712	1645.741701323279
0.020000000046933336	1645.741701195916
0.020000000049951314	1645.741701060641
0.02000000005315855	1645.7417009169758
0.020000000056566596	1645.7417007644162
0.020000000060187685	1645.741700602427
0.020000000064034778	1645.7417004304427
0.0200000000681216	1645.7417002478653
0.02000000007246268	1645.7417000540618
0.020000000077073404	1645.7416998483625
0.02000000008197006	1645.7416996300592
0.020000000087169897	1645.741699398403
0.02000000009269116	1645.741699152602
0.020000000098553176	1645.7416988918192
0.020000000104776382	1645.7416986151693
0.020000000111382418	1645.741698321717
0.02000000011839417	1645.7416980104726
0.02000000012583585	1645.7416976803916
0.020000000133733067	1645.7416973303693
0.020000000142112916	1645.7416969592396
0.02000000015100405	1645.7416965657692
0.020000000160436772	1645.741696148656
0.02000000017044312	1645.7416957065252
0.02000000018105696	1645.7416952379242
0.020000000192314113	1645.7416947413196
0.02000000020425242	1645.7416942150917
0.0200000002169119	1645.7416936575314
0.02000000023033482	1645.7416930668344
0.02000000024456587	1645.7416924410952
0.020000000259652248	1645.7416917783048
0.02000000027564382	1645.7416910763418
0.020000000292593273	1645.7416903329688
0.020000000310556244	1645.7416895458243
0.020000000329591504	1645.741688712419
0.020000000349761106	1645.741687830126
0.020000000371130585	1645.7416868961757
0.020000000393769122	1645.741685907647
0.02000000041774974	1645.741684861461
0.020000000443149542	1645.741683754371
0.020000000470049878	1645.741682582956
0.020000000498536622	1645.741681343609
0.02000000052870037	1645.7416800325295
0.020000000560636715	1645.7416786457136
0.020000000594446503	1645.741677178942
0.020000000630236114	1645.74167562777
0.020000000668117746	1645.7416739875168
0.02000000070820972	1645.7416722532514
0.020000000750636803	1645.7416704197826
0.02000000079553056	1645.7416684816437
0.020000000843029674	1645.7416664330797
0.020000000893280346	1645.7416642680328
0.020000000946436666	1645.7416619801268
0.02000000100266102	1645.7416595626523
0.020000001062124535	1645.7416570085472
0.02000000112500751	1645.7416543103836
0.02000000119149989	1645.7416514603467
0.020000001261801764	1645.7416484502157
0.020000001336123882	1645.7416452713458
0.020000001414688193	1645.7416419146455
0.020000001497728407	1645.7416383705558
0.020000001585490607	1645.7416346290272
0.020000001678233847	1645.7416306794953
0.020000001776230826	1645.7416265108577
0.020000001879768563	1645.741622111446
0.02000000198914912	1645.7416174689988
0.020000002104690336	1645.741612570635
0.02000000222672663	1645.7416074028226
0.020000002355609805	1645.741601951348
0.020000002491709926	1645.7415962012842
0.0200000026354162	1645.7415901369563
0.02000000278713794	1645.7415837419064
0.02000000294730552	1645.741576998857
0.020000003116371443	1645.7415698896725
0.020000003294811372	1645.7415623953202
0.020000003483125292	1645.7415544958258
0.020000003681838675	1645.7415461702328
0.02000000389150372	1645.741537396555
0.020000004112700608	1645.7415281517297
0.020000004346038873	1645.741518411569
0.020000004592158796	1645.741508150706
0.02000000485173288	1645.7414973425455
0.020000005125467384	1645.7414859592031
0.020000005414103898	1645.7414739714502
0.020000005718421025	1645.741461348652
0.02000000603923613	1645.7414480587045
0.020000006377407162	1645.7414340679688
0.020000006733834536	1645.7414193412033
0.02000000710946312	1645.7414038414906
0.020000007505284308	1645.7413875301656
0.02000000792233816	1645.7413703667362
0.020000008361715657	1645.7413523088048
0.020000008824561058	1645.7413333119835
0.020000009312074317	1645.741313329808
0.020000009825513625	1645.7412923136476
0.020000010366198088	1645.7412702126103
0.020000010935510487	1645.741246973446
0.020000011534900126	1645.7412225404462
0.02000001216588586	1645.7411968553363
0.02000001283005922	1645.741169857169
0.020000013529087646	1645.7411414822093
0.02000001426471786	1645.7411116638164
0.020000015038779427	1645.7410803323226
0.020000015853188377	1645.7410474149056
0.02000001670995106	1645.7410128354575
0.020000017611168066	1645.7409765144473
0.02000001855903839	1645.7409383687798
0.020000019555863696	1645.7408983116475
0.02000002060405279	1645.7408562523808
0.02000002170612624	1645.7408120962873
0.020000022864721217	1645.7407657444903
0.020000024082596463	1645.7407170937577
0.020000025362637515	1645.7406660363276
0.020000026707862106	1645.7406124597258
0.020000028121425758	1645.740556246577
0.020000029606627612	1645.7404972744107
0.020000031166916465	1645.7404354154598
0.020000032805897044	1645.74037053645
0.02000003452733651	1645.7403024983853
0.02000003633517121	1645.740231156324
0.020000038233513668	1645.7401563591475
0.020000040226659865	1645.7400779493216
0.020000042319096748	1645.7399957626494
0.020000044515510042	1645.7399096280171
0.02000004682079231	1645.7398193671281
0.020000049240051356	1645.739724794233
0.0200000517786189	1645.7396257158464
0.020000054442059545	1645.7395219304576
0.020000057236180112	1645.7394132282307
0.020000060167039237	1645.739299390695
0.020000063240957367	1645.7391801904255
0.020000066464527066	1645.7390553907148
0.0200000698446237	1645.738924745232
0.020000073388416462	1645.7387879976734
0.02000007710337981	1645.738644881402
0.02000008099730524	1645.7384951190752
0.020000085078313506	1645.7383384222608
0.020000089354867228	1645.7381744910435
0.02000009383578391	1645.7380030136185
0.020000098530249408	1645.7378236658728
0.020000103447831805	1645.7376361109543
0.020000108598495783	1645.7374399988294
0.020000113992617412	1645.7372349658265
0.020000119640999448	1645.7370206341677
0.020000125554887085	1645.7367966114866
0.020000131745984223	1645.7365624903327
0.020000138226470246	1645.7363178476633
0.020000145009017308	1645.736062244319
0.020000152106808163	1645.7357952244877
0.02000015953355452	1645.735516315153
0.02000016730351598	1645.7352250255265
0.020000175431519506	1645.734920846469
0.02000018393297951	1645.734603249892
0.020000192823918517	1645.7342716881487
0.020000202120988405	1645.733925593406
0.020000211841492286	1645.7335643770011
0.02000022200340702	1645.7331874287854
0.02000023262540636	1645.732794116448
0.020000243726884737	1645.7323837848255
0.02000025532798172	1645.7319557551946
0.020000267449607152	1645.7315093245486
0.020000280113466953	1645.7310437648562
0.020000293342089644	1645.730558322305
0.020000307158853557	1645.730052216526
0.020000321588014795	1645.729524639802
0.02000033665473588	1645.7289747562586
0.020000352385115185	1645.7284017010377
0.02000036880621707	1645.7278045794528
0.02000038594610284	1645.7271824661289
0.02000040383386242	1645.7265344041216
0.020000422499646838	1645.7258594040206
0.0200004419747015	1645.7251564430364
0.02000046229140024	1645.7244244640651
0.020000483483280224	1645.7236623747417
0.02000050558507761	1645.7228690464685
0.020000528632764084	1645.722043313433
0.020000552663584192	1645.7211839716017
0.020000577716093534	1645.7202897777017
0.02000060383019777	1645.7193594481812
0.020000631047192526	1645.7183916581537
0.020000659409804097	1645.717385040327
0.020000688962231044	1645.7163381839125
0.020000719750186628	1645.7152496335184
0.02000075182094214	1645.7141178880274
0.020000785223371075	1645.7129413994571
0.020000820007994153	1645.7117185718046
0.02000085622702527	1645.7104477598762
0.02000089393441825	1645.709127268099
0.0200009331859145	1645.7077553493227
0.02000097403909152	1645.7063302036
0.02000101655341228	1645.7048499769587
0.020001060790275436	1645.7033127601576
0.02000110681306641	1645.7017165874279
0.020001154687209314	1645.7000594352041
0.020001204480219695	1645.6983392208435
0.02000125626175814	1645.6965538013314
0.020001310103684673	1645.694700971977
0.020001366080113946	1645.6927784650993
0.020001424267471247	1645.6907839487033
0.020001484744549283	1645.688715025148
0.02000154759256573	1645.686569229806
0.0200016128952215	1645.6843440297166
0.02000168073875977	1645.682036822231
0.020001751212025697	1645.6796449336573
0.02000182440652684	1645.6771656178946
0.02000190041649422	1645.674596055069
0.020001979338944025	1645.671933350166
0.02000206127373994	1645.669174531661
0.02000214632365603	1645.666316550153
0.020002234594440216	1645.6633562769948
0.020002326194878215	1645.6602905029313
0.020002421236858026	1645.6571159367388
0.02000251983543481	1645.6538292038695
0.02000262210889624	1645.650426845105
0.02000272817882816	1645.6469053152157
0.02000283817018062	1645.6432609816316
0.020002952211334173	1645.6394901231238
0.020003070434166416	1645.6355889284982
0.02000319297411873	1645.631553495307
0.020003319970263177	1645.6273798285708
0.020003451565369423	1645.6230638395257
0.02000358790597176	1645.6186013443835
0.020003729142436078	1645.6139880631204
0.02000387542902676	1645.609219618283
0.020004026923973416	1645.6042915338246
0.020004183789537444	1645.5991992339668
0.020004346192078276	1645.5939380420914
0.020004514302119306	1645.588503179665
0.020004688294413403	1645.582889765195
0.020004868348007934	1645.5770928132245
0.020005054646309212	1645.571107233365
0.020005247377146332	1645.5649278293681
0.02000544673283427	1645.5585492982418
0.020005652910236177	1645.5519662294118
0.0200058661108248	1645.5451731039304
0.02000608654074292	1645.5381642937357
0.020006314410862702	1645.5309340609633
0.020006549936843955	1645.5234765573148
0.02000679333919108	1645.51578582348
0.020007044843308695	1645.5078557886238
0.020007304679555842	1645.4996802699357
0.02000757308329861	1645.4912529722403
0.020007850294961136	1645.4825674876831
0.020008136560074847	1645.4736172954808
0.02000843212932585	1645.4643957617504
0.020008737258600372	1645.4548961394107
0.020009052209028072	1645.445111568167
0.020009377247023247	1645.4350350745724
0.02000971264432366	1645.4246595721809
0.020010058678026993	1645.4139778617812
0.020010415630624744	1645.4029826317262
0.020010783790033484	1645.3916664583508
0.020011163449623337	1645.3800218064903
0.020011554908243568	1645.3680410300942
0.020011958470245145	1645.3557163729427
0.020012374445500157	1645.3430399694685
0.020012803149417967	1645.330003845683
0.02001324490295798	1645.3165999202138
0.02001370003263887	1645.3028200054564
0.02001416887054419	1645.2886558088362
0.020014651754324174	1645.2740989341937
0.02001514902719366	1645.2591408832864
0.020015661037925948	1645.2437730574154
0.020016188140842526	1645.2279867591762
0.020016730695798495	1645.2117731943397
0.02001728906816358	1645.1951234738606
0.02001786362879855	1645.1780286160201
0.02001845475402701	1645.1604795487049
0.020019062825602393	1645.1424671118202
0.020019688230669977	1645.1239820598455
0.02002033136172387	1645.1050150645297
0.020020992616558812	1645.0855567177314
0.020021672398216693	1645.0655975344025
0.020022371114927596	1645.045127955721
0.02002308918004533	1645.0241383523717
0.020023827011977306	1645.0026190279777
0.020024585034108602	1644.9805602226843
0.020025363674720176	1644.9579521168966
0.020026163366901037	1644.9347848351713
0.020026984548454318	1644.911048450263
0.020027827661797153	1644.8867329873308
0.020028693153854214	1644.8618284282998
0.020029581475944826	1644.8363247163834
0.020030493083663583	1644.8102117607627
0.020031428436754366	1644.7834794414257
0.020032387998977674	1644.7561176141694
0.020033372237971143	1644.728116115758
0.02003438162510328	1644.699464769244
0.02003541663532022	1644.670153389448
0.020036477746985526	1644.6401717885979
0.02003756544171291	1644.6095097821283
0.020038680204191858	1644.5781571946357
0.020039822522006083	1644.546103865994
0.020040992885444774	1644.5133396576248
0.020042191787306592	1644.479854458923
0.020043419722696392	1644.445638193835
0.0200446771888146	1644.410680827591
0.02004596468473931	1644.3749723735846
0.02004728271120101	1644.3385029004019
0.020048631770349944	1644.301262538995
0.02005001236551615	1644.2632414900006
0.020051425000962162	1644.2244300311966
0.020052870181628348	1644.1848185250976
0.020054348412871008	1644.1443974266826
0.02005586020019316	1644.1031572912555
0.02005740604896812	1644.0610887824332
0.020058986464155916	1644.0181826802545
0.02006060195001257	1643.9744298894088
0.020062253009792332	1643.929821447582
0.020063940145442972	1643.884348533911
0.020065663857294132	1643.838002477543
0.02006742464373893	1643.7907747662964
0.020069223000908878	1643.742657055419
0.020071059422342195	1643.6936411764327
0.020072934398645683	1643.6437191460645
0.020074848417150324	1643.5928831752565
0.020076801961560625	1643.5411256782456
0.020078795511598028	1643.4884392817128
0.020080829542638394	1643.4348168339889
0.020082904525343843	1643.3802514143151
0.020085020925289087	1643.324736342147
0.02008717920258243	1643.268265186499
0.020089379811481702	1643.210831775321
0.020091623200005265	1643.1524302048933
0.020093909809538367	1643.0930548492445
0.020096240074435067	1643.0327003695718
0.02009861442161594	1642.9713617236637
0.0201010332701619	1642.9090341753129
0.020103497030904277	1642.8457133037125
0.020106006106011556	1642.7813950128268
0.02010856088857296	1642.7160755407258
0.020111161762179218	1642.6497514688795
0.020113809100500816	1642.5824197313966
0.02011650326686403	1642.5140776242013
0.020119244613825058	1642.4447228141423
0.0201220334827426	1642.3743533480153
0.02012487020334922	1642.3029676615017
0.020127755093321802	1642.2305645880022
0.02013068845785154	1642.157143367363
0.02013367058921369	1642.082703654483
0.020136701766337625	1642.007245527791
0.020139782254377403	1641.9307694975814
0.020142912304283347	1641.8532765142038
0.020146092152375	1641.7747679760903
0.020149322019915813	1641.6952457376178
0.020152602112690075	1641.6147121167844
0.020155932620582358	1641.5331699027006
0.020159313717160014	1641.4506223628812
0.020162745559259065	1641.3670732503256
0.020166228286573978	1641.282526810379
0.020169762021251706	1641.1969877873648
0.020173346867490442	1641.110461430978
0.020176982911143553	1641.0229535024287
0.02018067021932912	1640.9344702803276
0.020184408840045475	1640.8450185663032
0.020188198801793292	1640.7546056903414
0.020192040113204576	1640.663239515838
0.020195932762679076	1640.5709284443574
0.020199876718028482	1640.4776814200814
0.02020387192612898	1640.3835079339497
0.020207918312582476	1640.2884180274757
0.020212015781387063	1640.1924222962323
0.020216164214617076	1640.095531892997
0.02022036347211324	1639.9977585305537
0.020224613391183338	1639.899114484137
0.020228913786313824	1639.7996125935163
0.020233264448892826	1639.6992662647115
0.020237665146944965	1639.5980894713305
0.020242115624878407	1639.496096755528
0.020246615603244582	1639.3933032285706
0.02025116477851097	1639.289724571014
0.02025576282284736	1639.185377032473
0.020260409383925985	1639.0802774309925
0.020265104084735905	1638.974443152003
0.020269846523412044	1638.8678921468645
0.020274636273079225	1638.7606429309906
0.020279472881711592	1638.6527145815498
0.020284355872007723	1638.5441267347396
0.020289284741281846	1638.4348995826338
0.020294258961371416	1638.3250538695966
0.020299277978561375	1638.214610888262
0.020304341213525465	1638.1035924750815
0.02030944806128479	1637.9920210054283
0.020314597891183974	1637.8799193882721
0.0203197900468851	1637.7673110604096
0.020325023846379787	1637.6542199802595
0.020330298582019492	1637.5406706212189
0.020335613520564386	1637.4266879645852
0.020340967903250913	1637.3122974920418
0.020346360945878213	1637.1975251777092
0.02035179183891365	1637.082397479768
0.020357259747617495	1636.9669413316515
0.020362763812186924	1636.8511841328145
0.02036830314791948	1636.7351537390825
0.020373876845396016	1636.618878452582
0.020379483970683232	1636.5023870112595
0.020385123565555857	1636.385708577995
0.02039079464773847	1636.268872729312
0.020396496211167018	1636.1519094436946
0.020402227226269973	1636.0348490895133
0.02040798664026912	1635.9177224125724
0.02041377337749992	1635.8005605232804
0.020419586339751387	1635.6833948834555
0.020425424406625328	1635.5662572927722
0.02043128643591491	1635.44917987486
0.020437171264002348	1635.332195063059
0.02044307770627559	1635.2153355858486
0.020449004557563797	1635.0986344519529
0.020454950592591465	1634.9821249351348
0.02046091456645086	1634.8658405586934
0.020466895215092637	1634.7498150796696
0.02047289125583431	1634.634082472777
0.020478901387886276	1634.5186769140648
0.020484924292895147	1634.4036327643305
0.020490958635504	1634.2889845522864
0.020497003063929212	1634.1747669575036
0.02050305621055351	1634.0610147931375
0.02050911669253485	1633.94776298845
0.020515183112430727	1633.8350465711474
0.020521254058837462	1633.7229006495377
0.020527328107044013	1633.6113603945328
0.020533403819699873	1633.5004610215008
0.020539479747496547	1633.390237771987
0.02054555442986212	1633.2807258953162
0.020551626395668383	1633.171960630095
0.02055769416394998	1633.0639771856231
0.020563756244635047	1632.9568107232317
0.02056981113928673	1632.8504963375688
0.020575857341855058	1632.7450690378348
0.020581893339438523	1632.6405637289968
0.02058791761305479	1632.5370151929865
0.020593928638419894	1632.4344580699062
0.020599924886735278	1632.3329268392497
0.020605904825482097	1632.2324558011596
0.02061186691922202	1632.133079057733
0.020617809630403952	1632.0348304943946
0.02062373142017597	1631.9377437613473
0.02062963074920174	1631.8418522551212
0.02063550607848084	1631.7471891002328
0.020641355870172177	1631.6537871309672
0.020647178588419836	1631.5616788733075
0.020652972700180666	1631.4708965270133
0.020658736676052853	1631.381471947874
0.02066446899110483	1631.2934366301452
0.0206701681257037	1631.2068216891846
0.020675832566342558	1631.1216578443032
0.02068146080646593	1631.0379754018395
0.02068705134729262	1630.955804238478
0.020692602698635227	1630.8751737848227
0.020698113379715683	1630.796113009235
0.020703581919976014	1630.7186504019537
0.02070900685988366	1630.6428139595082
0.020714386751730617	1630.568631169436
0.02071972016042576	1630.4961289953183
0.020725005664279584	1630.4253338621445
0.020730241855780714	1630.356271642016
0.020735427342363503	1630.2889676402015
0.020740560747166025	1630.223446581553
0.02074564070977787	1630.1597325972966
0.02075066588697699	1630.097849212202
0.020755634953455043	1630.037819332144
0.020760546602530593	1629.979665232065
0.020765399546849535	1629.9234085443459
0.020770192519072125	1629.8690702475935
0.02077492427254614	1629.8166706558525
0.020779593581965426	1629.7662294082527
0.020784199244013472	1629.7177654590907
0.020788740077991308	1629.671297068361
0.020793214926429347	1629.6268417927358
0.020797622655682562	1629.5844164770062
0.020801962156508567	1629.544037245981
0.02080623234462816	1629.5057194968545
0.02081043216126782	1629.4694778920493
0.020814560573683798	1629.4353263525277
0.020818616575667366	1629.4032780515852
0.020822599188030838	1629.3733454091266
0.02082650745907403	1629.3455400864232
0.02083034046503077	1629.3198729813557
0.020834097310495202	1629.2963542241469
0.020837777128827548	1629.2749931735787
0.020841379082539038	1629.2557984137015
0.020844902363655816	1629.2387777510296
0.020848346194061555	1629.2239382122282
0.020851709825818552	1629.2112860422833
0.020854992541467197	1629.2008267031636
0.020858193654303584	1629.1925648729634
0.02086131250863516	1629.1865044455308
0.020864348480014307	1629.1826485305735
0.020867300975449754	1629.1809994542448
0.020870169433595747	1629.1815587602027
0.02087295332491899	1629.1843272111382
0.020875652151843255	1629.1893047907713
0.020878265448871718	1629.1964907063077
0.020880792782687053	1629.205883391354
0.020883233752229315	1629.217480509282
0.020885587988751658	1629.23127895704
0.02088785515585407	1629.2472748694072
0.020890034949495137	1629.265463623675
0.020892127097982036	1629.285839844762
0.020894131361938923	1629.3083974107446
0.02089604753425383	1629.3331294588045
0.02089787544000437	1629.3600283915762
0.020899614936362377	1629.3890858838968
0.020901265912477797	1629.4202928899413
0.020902828289342004	1629.4536396507413
0.02090430201963094	1629.489115702075
0.020905687087528206	1629.526709882719
0.020906983508528636	1629.5664103430565
0.02090819132922247	1629.6082045540286
0.020909310627060574	1629.6520793164204
0.020910341510101134	1629.698020770475
0.020911284116738062	1629.7460144058193
0.020912138615411597	1629.7960450716982
0.020912905204301495	1629.8480969875031
0.020913584111003195	1629.9021537535834
0.02091417559218746	1629.9581983623339
0.020914679933243845	1630.0162132095445
0.02091509744790856	1630.0761801060041
0.020915428477877064	1630.1380802893434
0.020915673392402	1630.2018944361132
0.020915832587876864	1630.2676026740755
0.020915906487405933	1630.3351845947118
0.020915895540360968	1630.4046192659202
0.020915800221925178	1630.4758852449065
0.02091562103262499	1630.548960591246
0.020915358497850096	1630.6238228801096
0.02091501316736238	1630.7004492156454
0.020914585614794198	1630.7788162444988
0.020914076437136556	1630.8589001694645
0.020913486254217743	1630.9406767632581
0.020912815708172963	1631.024121382395
0.02091206546290546	1631.1092089811675
0.020911236203539758	1631.1959141257068
0.0209103286358675	1631.2842110081217
0.020909343485786443	1631.374073460701
0.020908281498733167	1631.46547497017
0.020907143439110033	1631.55838869199
0.02090593008970693	1631.6527874646915
0.020904642251118325	1631.748643824227
0.020903280741156202	1631.8459300183395
0.020901846394259353	1631.9446180209297
0.020900340060899615	1632.0446795464188
0.02089876260698552	1632.1460860640898
0.02089711491326388	1632.248808812404
0.020895397874719855	1632.3528188132786
0.020893612399975975	1632.4580868863204
0.020891759410690602	1632.5645836630022
0.02088983984095634	1632.6722796007764
0.02088785463669886	1632.7811449971152
0.020885804755076662	1632.891150003468
0.020883691163882098	1633.0022646391315
0.020881514840944325	1633.114458805019
0.020879276773534405	1633.2277022973278
0.02087697795777319	1633.341964821087
0.020874619398042242	1633.4572160035914
0.020872202106398348	1633.5734254077013
0.020869727101991923	1633.6905625450102
0.020867195410489762	1633.80859688887
0.020864608063502484	1633.927497887266
0.020861966098017087	1634.047234975539
0.020859270555834915	1634.167777588944
0.020856522483015408	1634.2890951750474
0.02085372292932598	1634.411157205942
0.020850872947698346	1634.533933190295
0.02084797359369161	1634.657392685205
0.02084502592496237	1634.7815053078752
0.020842031000742188	1634.9062407470935
0.020838989881322687	1635.0315687745147
0.020835903627548495	1635.157459255741
0.02083277330031831	1635.2838821612013
0.02082959996009436	1635.4108075768172
0.020826384666420387	1635.5382057144595
0.020823128477448497	1635.66604692219
0.020819832449474926	1635.7943016942806
0.020816497636485035	1635.9229406810198
0.020813125089707656	1636.0519346982862
0.02080971585717891	1636.1812547369027
0.02080627098331573	1636.31087197176
0.020802791508499143	1636.4407577707113
0.020799278468667547	1636.5708837032362
0.020795732894919927	1636.70122154887
0.020792155813129286	1636.8317433054021
0.02078854824356629	1636.9624211968364
0.020784911200533173	1637.0932276811175
0.02078124569200809	1637.2241354576227
0.02077755271929983	1637.3551174744134
0.020773833276713057	1637.4861469352527
0.020770088351224045	1637.6171973063856
0.020766318922166935	1637.7482423230822
0.02076252596093058	1637.8792559959456
0.02075871043066587	1638.010212616984
0.02075487328600371	1638.1410867654465
0.020751015472783435	1638.2718533134278
0.020747137927791794	1638.4024874312365
0.020743241578512376	1638.532964592536
0.020739327342885517	1638.6632605792506
0.020735396129078532	1638.793351486245
0.02073144883526634	1638.923213725778
0.020727486349422283	1639.0528240317274
0.020723509549119196	1639.182159463595
0.020719519301340545	1639.3111974102878
0.020715516462301593	1639.4399155936803
0.020711501877280457	1639.5682920719612
0.02070747638045909	1639.6963052427639
0.020703440794773847	1639.8239338460864
0.02069939593177575	1639.951156967
0.020695342591500184	1640.0779540381538
0.020691281562345967	1640.2043048420721
0.020687213620963662	1640.330189513254
0.020683139532152964	1640.4555885400716
0.02067906004876904	1640.5804827664758
0.020674975911637715	1640.70485339351
0.02067088784947928	1640.8286819806322
0.020666796578840838	1640.951950446855
0.02066270280403702	1641.074641071701
0.020658607217098873	1641.1967364959817
0.02065451049773083	1641.3182197223964
0.02065041331327553	1641.439074115965
0.020646316318686356	1641.559283404287
0.02064222015650753	1641.6788316776394
0.020638125456861584	1641.7977033889092
0.02063403283744403	1641.9158833533718
0.020629942903525073	1642.0333567483121
0.020625856247958155	1642.1501091124974
0.02062177345119522	1642.2661263454986
0.020617695081308462	1642.381394706875
0.020613621694018418	1642.4959008152123
0.020609553832728198	1642.6096316470291
0.02060549202856371	1642.7225745355483
0.020601436800419655	1642.834717169342
0.020597388655011185	1642.946047590848
0.02059334808693097	1643.0565541947674
0.02058931557871155	1643.166225726344
0.020585291600892792	1643.275051279528
0.020581276612094204	1643.3830202950296
0.020577271059092093	1643.4901225582653
0.020573275376901193	1643.5963481972028
0.020569289988860765	1643.7016876801026
0.02056531530672486	1643.806131813165
0.020561351730756718	1643.9096717380821
0.020557399649826988	1644.0122989295044
0.020553459441515712	1644.1140051924156
0.02054953147221787	1644.2147826594305
0.020545616097252292	1644.314623788008
0.020541713660973883	1644.4135213575923
0.020537824496888846	1644.511468466677
0.02053394892777289	1644.6084585298045
0.020530087265792186	1644.7044852744962
0.02052623981262697	1644.7995427381177
0.020522406859597594	1644.893625264687
0.020518588687792938	1644.9867275016252
0.020514785568200963	1645.0788443964493
0.020510997761841357	1645.1699711934207
0.02050722551990007	1645.2601034301383
0.020503469083865612	1645.3492369340902
0.020499728685666976	1645.437367819162
0.020496004547813126	1645.5244924821054
0.02049229688353382	1645.6106075989685
0.020488605896921676	1645.6957101214941
0.020484931783075425	1645.7797972734827
0.020481274728244153	1645.862866547129
0.02047763490997244	1645.9449156993307
0.020474012497246275	1646.0259427479723
0.0204704076506397	1646.1059459681878
0.020466820522461963	1646.1849238886025
0.02046325125690515	1646.262875287559
0.02045969999019224	1646.3397991893276
0.02045616685072534	1646.4156948603018
0.02045265195923413	1646.490561805186
0.02044915542892439	1646.564399763172
0.020445677365626507	1646.637208704111
0.02044221786794386	1646.7089888246767
0.020438777027401038	1646.7797405445322
0.020435354928591783	1646.8494645024878
0.020431951649326582	1646.9181615526668
0.020428567260779847	1646.985832760668
0.020425201827636557	1647.0524793997379
0.020421855408238366	1647.1181029469435
0.02041852805472905	1647.1827050793559
0.020415219813199263	1647.246287670242
0.0204119307238305	1647.3088527852674
0.02040866082103824	1647.3704026787098
0.020405410133614195	1647.4309397896866
0.020402178684867604	1647.4904667383976
0.02039896649276553	1647.5489863223831
0.020395773570072107	1647.6065015128
0.020392599924486648	1647.6630154507156
0.02038944555878066	1647.718531443422
0.020386310470933602	1647.7730529607707
0.020383194654267432	1647.826583631529
0.020380098097579843	1647.8791272397602
0.020377020785276232	1647.930687721227
0.020373962697500237	1647.9812691598206
0.020370923810262932	1648.030875784013
0.020367904095570568	1648.0795119633412
0.02036490352155087	1648.127182204914
0.02036192205257781	1648.173891149949
0.020358959649394937	1648.2196435703388
0.02035601626923705	1648.2644443652478
0.020353091865950412	1648.3082985577373
0.0203501863901113	1648.3512112914239
0.020347299789142965	1648.393187827169
0.020344432007430996	1648.4342335397994
0.020341582986436946	1648.4743539148633
0.020338752664810375	1648.513554545417
0.02033594097849918	1648.5518411288465
0.020333147860858207	1648.5892194637258
0.02033037324275618	1648.6256954467053
0.0203276170526809	1648.6612750694394
0.02032487921684271	1648.6959644155468
0.020322159659276244	1648.7297696576077
0.02031945830194036	1648.7626970541985
0.020316775064816415	1648.79475294696
0.020314109866004723	1648.8259437577033
0.02031146262181923	1648.856275985555
0.020308833246880494	1648.8857562041335
0.020306221654206827	1648.9143910587707
0.02030362775530371	1648.9421872637615
0.02030105146025141	1648.9691515996606
0.020298492677790853	1648.9952909106069
0.020295951315407696	1649.0206121016943
0.02029342727941469	1649.0451221363728
0.020290920475032212	1649.0688280338932
0.02028843080646709	1649.0917368667847
0.020285958176989662	1649.1138557583745
0.020283502489009078	1649.1351918803402
0.02028106364414687	1649.1557524503032
0.020278641543308787	1649.1755447294584
0.020276236086754894	1649.1945760202407
0.020273847174167973	1649.2128536640298
0.020271474704720217	1649.2303850388923
0.02026911857713819	1649.247177557358
0.02026677868976614	1649.2632386642374
0.020264454940627605	1649.2785758344717
0.02026214722748537	1649.293196571022
0.020259855447899766	1649.3071084027943
0.02025757949928533	1649.3203188825973
0.020255319278965803	1649.3328355851424
0.02025307468422757	1649.3446661050725
0.020250845612371463	1649.3558180550306
0.02024863196076295	1649.3662990637613
0.020246433626880826	1649.3761167742487
0.020244250508364266	1649.385278841887
0.020242082503058367	1649.3937929326867
0.02023992950905818	1649.4016667215128
0.020237791424751198	1649.40890789036
0.020235668148858372	1649.415524126657
0.02023355958047363	1649.421523121606
0.02023146561910196	1649.4269125685573
0.020229386164696033	1649.431700161409
0.020227321117691384	1649.4358935930463
0.020225270379040195	1649.4395005538079
0.02022323385024372	1649.4425287299848
0.02022121143338327	1649.4449858023504
0.020219203031149907	1649.4468794447184
0.02021720854687277	1649.4482173225363
0.02021522788454608	1649.4490070915022
0.02021326094885489	1649.4492563962156
0.020211307645199482	1649.4489728688543
0.020209367879718568	1649.4481641278826
0.020207441559311246	1649.4468377767844
0.020205528591657692	1649.4450014028264
0.020203628885238707	1649.4426625758476
0.02020174234935404	1649.4398288470775
0.020199868894139588	1649.4365077479777
0.020198008430583423	1649.4327067891136
0.020196160870540707	1649.4284334590473
0.020194326126747552	1649.423695223261
0.020192504112833735	1649.4184995231003
0.020190694743334393	1649.4128537747479
0.020188897933700684	1649.4067653682148
0.020187113600309406	1649.4002416663611
0.02018534166047164	1649.3932900039374
0.020183582032440438	1649.3859176866495
0.020181834635417478	1649.3781319902457
0.0201800993895589	1649.369940159628
0.02017837621598012	1649.3613494079825
0.020176665036759824	1649.3523669159347
0.02017496577494307	1649.3429998307217
0.02017327835454353	1649.3332552653887
0.020171602700544886	1649.3231402980048
0.020169938738901487	1649.3126619708983
0.020168286396538133	1649.3018272899126
0.020166645601349138	1649.290643223681
0.02016501628219663	1649.2791167029193
0.02016339836890814	1649.26725461974
0.020161791792273464	1649.2550638269825
0.020160196484040865	1649.24255113756
0.020158612376912566	1649.2297233238282
0.020157039404539664	1649.2165871169686
0.020155477501516354	1649.2031492063877
0.02015392660337357	1649.1894162391352
0.020152386646572054	1649.1753948193375
0.02015085756849485	1649.1610915076478
0.02014933930743926	1649.1465128207115
0.020147831802608242	1649.131665230647
0.020146334994101334	1649.1165551645413
0.020144848822905088	1649.1011890039622
0.02014337323088302	1649.085573084484
0.02014190816076513	1649.069713695227
0.02014045355613695	1649.053617078411
0.02013900936142825	1649.0372894289255
0.02013757552190127	1649.0207368939095
0.02013615198363863	1649.003965572348
0.020134738693530888	1648.9869815146794
0.020133335599263707	1648.9697907224165
0.02013194264930475	1648.9523991477806
0.02013055979289024	1648.9348126933482
0.020129186980011263	1648.9170372117087
0.020127824161399795	1648.8990785051358
0.020126471288514424	1648.8809423252694
0.020125128313525913	1648.862634372811
0.0201237951893025	1648.8441602972266
0.020122471869395007	1648.825525696467
0.020121158308021758	1648.806736116693
0.020119854460053318	1648.7877970520162
0.020118560280997105	1648.768713944248
0.020117275726981826	1648.7494921826606
0.02011600075474181	1648.730137103757
0.020114735321601216	1648.7106539910537
0.020113479385458176	1648.691048074871
0.020112232904768816	1648.6713245321348
0.020110995838531244	1648.651488486189
0.020109768146269448	1648.6315450066154
0.020108549788017217	1648.6114991090667
0.02010734072430195	1648.5913557551053
0.020106140916128525	1648.5711198520546
0.02010495032496314	1648.550796252858
0.020103768912717142	1648.5303897559472
0.02010259664173093	1648.5099051051218
0.020101433474757867	1648.4893469894353
0.02010027937494823	1648.468720043091
0.020099134305833256	1648.4480288453476
0.020097998231309176	1648.427277920433
0.020096871115621466	1648.4064717374665
0.02009575292334907	1648.3856147103904
0.020094643619388772	1648.364711197911
0.020093543168939673	1648.3437655034445
0.02009245153748782	1648.3227818750768
0.020091368690790916	1648.3017645055274
0.02009029459486321	1648.280717532124
0.02008922921596051	1648.2596450367846
0.020088172520565384	1648.2385510460078
0.020087124475372496	1648.2174395308718
0.02008608504727415	1648.1963144070412
0.020085054203345984	1648.1751795347816
0.02008403191083287	1648.1540387189839
0.020083018137135023	1648.132895709194
0.02008201284979428	1648.1117541996532
0.020081016016480636	1648.0906178293458
0.02008002760497896	1648.0694901820523
0.020079047583175937	1648.0483747864148
0.020078075919047266	1648.0272751160069
0.02007711258064507	1648.0061945894117
0.020076157536085548	1647.9851365703098
0.020075210753536868	1647.9641043675729
0.020074272201207336	1647.9431012353657
0.02007334184733378	1647.9221303732563
0.02007241966017023	1647.9011949263333
0.02007150560797682	1647.8802979853313
0.020070599659008998	1647.8594425867623
0.02006970178150697	1647.8386317130576
0.020068811943685438	1647.817868292715
0.020067930113723605	1647.7971552004537
0.020067056259755463	1647.7764952573777
0.02006619034986035	1647.7558912311454
0.020065332352053808	1647.735345836147
0.020064482234278685	1647.7148617336902
0.0200636399643966	1647.6944415321925
0.020062805510179596	1647.6740877873804
0.02006197883930217	1647.6538030024947
0.020061159919333535	1647.6335896285077
0.020060348717730214	1647.6134500643407
0.02005954520182888	1647.5933866570947
0.02005874933883952	1647.5734017022853
0.020057961095838888	1647.5534974440834
0.020057180439764247	1647.5336760755654
0.02005640733740737	1647.5139397389698
0.020055641755408908	1647.4942905259593
0.020054883660252952	1647.4747304778905
0.020054133018261942	1647.455261586091
0.02005338979559188	1647.4358857921409
0.02005265395822777	1647.4166049881644
0.020051925471979405	1647.397421017125
0.020051204302477373	1647.3783356731283
0.020050490415169406	1647.3593507017304
0.020049783775316996	1647.3404678002544
0.02004908434799223	1647.321688618111
0.020048392098074994	1647.3030147571274
0.02004770699025037	1647.2844477718797
0.02004702898900635	1647.265989170035
0.02004635805863181	1647.247640412693
0.020045694163214722	1647.2294029147433
0.02004503726664066	1647.2112780452183
0.020044387332591562	1647.193267127658
0.020043744324544723	1647.1753714404786
0.020043108205772077	1647.1575922173458
0.020042478939339674	1647.139930647556
0.020041856488107468	1647.1223878764185
0.020041240814729293	1647.1049650056482
0.02004063188165311	1647.0876630937573
0.020040029651121463	1647.0704831564585
0.020039434085172187	1647.053426167067
0.02003884514563931	1647.0364930569121
0.020038262794154237	1647.0196847157501
0.02003768699214707	1647.0030019921833
0.020037117700848203	1646.986445694083
0.02003655488129011	1646.9700165890163
0.02003599849430931	1646.9537154046784
0.020035448500548596	1646.9375428293279
0.020034904860459373	1646.9214995122254
0.020034367534304237	1646.9055860640776
0.020033836482159752	1646.889803057484
0.020033311663919383	1646.8741510273867
0.020032793039296587	1646.8586304715243
0.02003228056782813	1646.8432418508894
0.020031774208877525	1646.8279855901878
0.020031273921638632	1646.8128620783027
0.020030779665139452	1646.7978716687605
0.020030291398246025	1646.7830146801987
0.020029809079666522	1646.7682913968374
0.020029332667955438	1646.753702068953
0.020028862121517936	1646.7392469133563
0.02002839739861433	1646.724926113867
0.02002793845736469	1646.710739821797
0.020027485255753576	1646.696688156431
0.02002703775163486	1646.6827712055103
0.0200265959027367	1646.6689890257192
0.02002615966666659	1646.6553416431711
0.020025729000916533	1646.6418290538966
0.02002530386286829	1646.6284512243335
0.02002488420979873	1646.6152080918168
0.020024469998885287	1646.6020995650704
0.02002406118721145	1646.5891255246972
0.020023657731772396	1646.5762858236747
0.02002325958948063	1646.5635802878455
0.02002286671717175	1646.5510087164118
0.02002247907161021	1646.5385708824285
0.020022096609495225	1646.5262665332973
0.020021719287466645	1646.514095391259
0.020021347062110933	1646.5020571538864
0.02002097988996717	1646.4901514945786
0.0200206177275331	1646.4783780630523
0.020020260531271206	1646.4667364858317
0.020019908257614818	1646.4552263667417
0.02001956086297427	1646.4438472873965
0.02001921830374303	1646.4325988076866
0.02001888053630389	1646.4214804662681
0.020018547517035173	1646.4104917810484
0.020018219202316914	1646.3996322496687
0.020017895548537057	1646.3889013499893
0.020017576512097696	1646.378298540569
0.020017262049421242	1646.3678232611453
0.020016952116956657	1646.3574749331094
0.020016646671185606	1646.347252959984
0.02001634566862866	1646.3371567278932
0.02001604906585145	1646.327185606035
0.020015756819470775	1646.3173389471488
0.02001546888616074	1646.3076160879784
0.02001518522265884	1646.2980163497373
0.02001490578577199	1646.2885390385661
0.02001463053238256	1646.2791834459897
0.020014359419454335	1646.2699488493722
0.020014092404038474	1646.2608345123647
0.020013829443279393	1646.2518396853538
0.02001357049442061	1646.2429636059057
0.02001331551481053	1646.2342054992052
0.020013064461908217	1646.2255645784933
0.02001281729328906	1646.217040045499
0.020012573966650397	1646.2086310908692
0.020012334439817113	1646.2003368945927
0.020012098670747117	1646.1921566264239
0.0200118666175368	1646.1840894462973
0.02001163823842639	1646.1761345047419
0.020011413491805286	1646.168290943291
0.020011192336217253	1646.1605578948836
0.020010974730365595	1646.1529344842686
0.02001076063311824	1646.1454198283982
0.020010550003512727	1646.1380130368186
0.020010342800761142	1646.130713212059
0.02001013898425495	1646.1235194500116
0.020009938513569758	1646.1164308403102
0.020009741348469973	1646.109446466702
0.020009547448913423	1646.102565407415
0.0200093567750558	1646.0957867355235
0.02000916928725512	1646.0891095193017
0.020008984946076006	1646.08253282258
0.020008803712293938	1646.076055705093
0.020008625546899386	1646.0696772228198
0.02000845041110183	1646.0633964283243
0.020008278266333723	1646.0572123710863
0.02000810907425434	1646.051124097831
0.02000794279675352	1646.0451306528482
0.020007779395955355	1646.0392310783116
0.020007618834221707	1646.03342441459
0.020007461074155707	1646.027709700553
0.02000730607860508	1646.0220859738736
0.020007153810665455	1646.0165522713223
0.020007004233683484	1646.0111076290589
0.020006857311259937	1646.0057510829165
0.020006713007252663	1646.0004816686817
0.020006571285779432	1645.9952984223687
0.020006432111220718	1645.9902003804887
0.020006295448222362	1645.9851865803118
0.020006161261698116	1645.9802560601277
0.020006029516832134	1645.9754078594958
0.020005900179081305	1645.9706410194938
0.020005773214177538	1645.965954582959
0.020005648588129914	1645.9613475947256
0.020005526267226736	1645.956819101854
0.02000540621803753	1645.9523681538585
0.02000528840741486	1645.9479938029262
0.02000517280249614	1645.9436951041334
0.020005059370705278	1645.939471115654
0.020004948079754246	1645.9353208989635
0.02000483889764457	1645.9312435190398
0.020004731792668692	1645.9272380445555
0.020004626733411274	1645.923303548067
0.02000452368875037	1645.9194391061983
0.020004422627858526	1645.9156437998186
0.02000432352020378	1645.9119167142153
0.02000422633555058	1645.9082569392622
0.020004131043960593	1645.9046635695822
0.02000403761579345	1645.9011357047057
0.020003946021707353	1645.897672449222
0.020003856232659673	1645.8942729129283
0.020003768219907368	1645.8909362109725
0.020003681955007395	1645.887661463991
0.02000359740981698	1645.884447798242
0.020003514556493834	1645.881294345733
0.02000343336749628	1645.8782002443459
0.0200033538155833	1645.875164637955
0.020003275873814487	1645.8721866765422
0.020003199515549935	1645.8692655163043
0.020003124714450045	1645.8664003197614
0.02000305144447526	1645.863590255856
0.020002979679885704	1645.8608345000478
0.020002909395240773	1645.8581322344087
0.020002840565398642	1645.8554826477075
0.02000277316551569	1645.8528849354936
0.020002707171045873	1645.8503383001773
0.02000264255774001	1645.847841951104
0.020002579301645028	1645.8453951046238
0.020002517379103097	1645.8429969841593
0.020002456766750762	1645.8406468202686
0.020002397441517942	1645.8383438507028
0.020002339380626934	1645.8360873204624
0.020002282561591287	1645.833876481848
0.020002226962214698	1645.8317105945066
0.020002172560589768	1645.829588925476
0.02000211933509677	1645.827510749225
0.020002067264402304	1645.8254753476908
0.02000201632745795	1645.823482010311
0.020001966503498832	1645.8215300340523
0.020001917772042164	1645.819618723439
0.020001870112885713	1645.8177473905748
0.02000182350610623	1645.8159153551626
0.020001777932057832	1645.814121944522
0.020001733371370355	1645.8123664936008
0.02000168980494765	1645.8106483449883
0.020001647213965818	1645.8089668489206
0.02000160557987145	1645.8073213632863
0.020001564884379788	1645.8057112536278
0.02000152510947285	1645.8041358931414
0.020001486237397562	1645.8025946626724
0.020001448250663797	1645.801086950709
0.020001411132042422	1645.7996121533745
0.020001374864563284	1645.7981696744146
0.020001339431513197	1645.7967589251848
0.02000130481643387	1645.7953793246334
0.020001271003119818	1645.7940302992822
0.020001237975616253	1645.7927112832083
0.02000120571821694	1645.7914217180182
0.020001174215462023	1645.790161052825
0.020001143452135845	1645.7889287442201
0.020001113413264743	1645.7877242562445
0.020001084084114804	1645.7865470603567
0.02000105545018962	1645.7853966354012
0.020001027497228017	1645.7842724675722
0.020001000211201776	1645.7831740503786
0.020000973578313333	1645.7821008846042
0.020000947584993448	1645.7810524782694
0.020000922217898887	1645.7800283465879
0.020000897463910088	1645.7790280119248
0.020000873310128783	1645.7780510037517
0.020000849743875664	1645.7770968586005
0.020000826752687988	1645.7761651200176
0.02000080432431721	1645.7752553385121
0.020000782446726584	1645.7743670715092
0.02000076110808879	1645.7734998832975
0.020000740296783517	1645.772653344977
0.020000720001395068	1645.7718270344058
0.020000700210709953	1645.7710205361454
0.02000068091371448	1645.7702334414062
0.020000662099592347	1645.7694653479898
0.02000064375772224	1645.7687158602328
0.020000625877675423	1645.767984588949
0.020000608449213322	1645.767271151369
0.02000059146228513	1645.7665751710822
0.0200005749070254	1645.7658962779747
0.020000558773751655	1645.76523410817
0.020000543052961985	1645.7645883039665
0.02000052773533267	1645.7639585137745
0.020000512811715797	1645.7633443920554
0.020000498273136876	1645.7627455992558
0.020000484110792485	1645.762161801746
0.020000470316047906	1645.761592671755
0.020000456880434784	1645.7610378873046
0.020000443795648772	1645.7604971321475
0.02000043105354722	1645.7599700956994
0.020000418646146847	1645.7594564729743
0.020000406565621427	1645.7589559645196
0.0200003948042995	1645.758468276348
0.02000038335466211	1645.7579931198748
0.0200003722093405	1645.7575302118482
0.020000361361113873	1645.757079274287
0.020000350802907154	1645.756640034409
0.020000340527788773	1645.7562122245686
0.020000330528968414	1645.7557955821896
0.020000320799794857	1645.7553898496976
0.020000311333753778	1645.754994774455
0.02000030212446559	1645.7546101086937
0.020000293165683306	1645.7542356094489
0.02000028445129038	1645.7538710384947
0.020000275975298614	1645.753516162276
0.02000026773184606	1645.7531707518438
0.02000025971519494	1645.7528345827895
0.020000251919729584	1645.7525074351806
0.020000244339954395	1645.752189093494
0.020000236970491806	1645.751879346552
0.02000022980608032	1645.7515779874577
0.020000222841572476	1645.7512848135314
0.020000216071932923	1645.7509996262454
0.020000209492236447	1645.7507222311617
0.020000203097666074	1645.7504524378683
0.020000196883511144	1645.7501900599173
0.020000190845165435	1645.7499349147606
0.020000184978125304	1645.7496868236894
0.020000179277987834	1645.7494456117727
0.02000017374044902	1645.7492111077954
0.020000168361301973	1645.748983144198
0.020000163136435118	1645.7487615570171
0.020000158061830454	1645.7485461858246
0.02000015313356181	1645.7483368736691
0.020000148347793137	1645.7481334670163
0.020000143700776796	1645.747935815693
0.020000139188851882	1645.7477437728262
0.020000134808442607	1645.7475571947891
0.02000013055605662	1645.7473759411423
0.020000126428283416	1645.7471998745789
0.020000122421792766	1645.7470288608683
0.02000011853333313	1645.7468627688024
0.020000114759730105	1645.7467014701401
0.020000111097884913	1645.7465448395528
0.020000107544772897	1645.746392754574
0.02000010409744203	1645.746245095544
0.02000010075301146	1645.7461017455594
0.020000097508670073	1645.7459625904207
0.020000094361675057	1645.745827518582
0.020000091309350532	1645.745696421101
0.02000008834908616	1645.7455691915893
0.020000085478335764	1645.7454457261626
0.02000008269461603	1645.745325923394
0.02000007999550518	1645.7452096842653
0.020000077378641658	1645.745096912119
0.02000007484172289	1645.7449875126133
0.020000072382503998	1645.7448813936755
0.020000069998796593	1645.7447784654573
0.020000067688467536	1645.7446786402888
0.02000006544943777	1645.7445818326366
0.020000063279681114	1645.744487959058
0.020000061177223142	1645.74439693816
0.02000005914014003	1645.7443086905569
0.020000057166557436	1645.7442231388281
0.02000005525464942	1645.7441402074776
0.020000053402637347	1645.7440598228936
0.020000051608788844	1645.7439819133092
0.020000049871416743	1645.7439064087632
0.020000048188878083	1645.7438332410609
0.02000004655957308	1645.7437623437363
0.02000004498194416	1645.7436936520169
0.020000043454474974	1645.7436271027836
0.02000004197568947	1645.7435626345377
0.020000040544150936	1645.7435001873646
0.020000039158461106	1645.7434397028974
0.02000003781725925	1645.7433811242847
0.020000036519221293	1645.7433243961548
0.020000035263058952	1645.743269464585
0.020000034047518895	1645.7432162770667
0.020000032871381884	1645.7431647824756
0.020000031733462004	1645.7431149310378
0.02000003063260583	1645.743066674301
0.020000029567691636	1645.7430199651026
0.02000002853762865	1645.7429747575413
0.020000027541356293	1645.7429310069476
0.02000002657784344	1645.7428886698542
0.020000025646087695	1645.7428477039682
0.02000002474511469	1645.7428080681439
0.020000023873977375	1645.742769722356
0.020000023031755357	1645.7427326276706
0.020000022217554227	1645.7426967462231
0.020000021430504902	1645.7426620411884
0.020000020669763	1645.7426284767591
0.020000019934508197	1645.7425960181188
0.02000001922394365	1645.7425646314186
0.020000018537295355	1645.7425342837546
0.02000001787381159	1645.7425049431424
0.020000017232762336	1645.7424765784963
0.020000016613438715	1645.7424491596064
0.020000016015152448	1645.742422657117
0.020000015437235313	1645.7423970425048
0.020000014879038627	1645.7423722880578
0.02000001433993271	1645.7423483668556
0.020000013819306432	1645.7423252527494
0.02000001331656668	1645.7423029203417
0.0200000128311379	1645.7422813449678
0.020000012362461617	1645.7422605026757
0.020000011909996	1645.7422403702094
0.02000001147321539	1645.7422209249899
0.020000011051609874	1645.7422021450982
0.02000001064468488	1645.7421840092572
0.020000010251960715	1645.7421664968151
0.0200000098729722	1645.74214958773
0.020000009507268268	1645.7421332625524
0.020000009154411552	1645.7421175024115
0.020000008813978034	1645.7421022889962
0.020000008485556664	1645.742087604544
0.020000008168749004	1645.7420734318243
0.020000007863168866	1645.7420597541238
0.02000000756844198	1645.742046555234
0.020000007284205673	1645.7420338194358
0.020000007010108508	1645.7420215314871
0.020000006745810005	1645.7420096766102
0.020000006490980292	1645.7419982404774
0.020000006245299837	1645.7419872092003
0.020000006008459137	1645.7419765693169
0.02000000578015843	1645.7419663077796
0.020000005560107413	1645.7419564119446
0.020000005348024978	1645.741946869558
0.020000005143638946	1645.7419376687483
0.0200000049466858	1645.7419287980138
0.020000004756910432	1645.7419202462115
0.020000004574065908	1645.7419120025481
0.020000004397913215	1645.7419040565705
0.02000000422822104	1645.741896398154
0.020000004064765528	1645.741889017495
0.02000000390733007	1645.7418819050997
0.0200000037557051	1645.7418750517772
0.020000003609687865	1645.74186844863
0.020000003469082227	1645.7418620870442
0.020000003333698464	1645.741855958683
0.02000000320335308	1645.741850055477
0.020000003077868613	1645.7418443696188
0.02000000295707346	1645.7418388935519
0.020000002840801695	1645.741833619965
0.020000002728892886	1645.7418285417862
0.020000002621191938	1645.7418236521728
0.020000002517548927	1645.7418189445066
0.020000002417818945	1645.7418144123862
0.02000000232186193	1645.7418100496216
0.02000000222954253	1645.7418058502258
0.02000000214072996	1645.7418018084102
0.02000000205529784	1645.7417979185786
0.02000000197312407	1645.741794175321
0.020000001894090708	1645.741790573407
0.020000001818083816	1645.7417871077812
0.02000000174499334	1645.7417837735584
0.020000001674713004	1645.7417805660168
0.020000001607140157	1645.741777480595
0.020000001542175697	1645.7417745128844
0.02000000147972393	1645.7417716586262
0.02000000141969247	1645.7417689137067
0.02000000136199213	1645.741766274151
0.020000001306536824	1645.7417637361216
0.02000000125324346	1645.741761295912
0.020000001202031843	1645.7417589499423
0.02000000115282459	1645.7417566947554
0.02000000110554703	1645.7417545270146
0.020000001060127115	1645.7417524434989
0.02000000101649534	1645.7417504410985
0.020000000974584653	1645.741748516811
0.020000000934330384	1645.7417466677389
0.020000000895670157	1645.7417448910867
0.020000000858543813	1645.7417431841566
0.020000000822893334	1645.7417415443456
0.02000000078866279	1645.7417399691417
0.020000000755798244	1645.7417384561224
0.02000000072424771	1645.741737002951
0.02000000069396106	1645.7417356073724
0.020000000664889987	1645.7417342672136
0.02000000063698793	1645.741732980377
0.020000000610210022	1645.741731744842
0.020000000584513015	1645.7417305586584
0.020000000559855246	1645.7417294199486
0.02000000053619658	1645.7417283268999
0.020000000513498338	1645.7417272777664
0.02000000049172327	1645.7417262708655
0.020000000470835496	1645.7417253045753
0.020000000450800456	1645.741724377333
0.020000000431584872	1645.741723487632
0.020000000413156693	1645.7417226340222
0.02000000039548507	1645.7417218151052
0.02000000037854028	1645.7417210295346
0.020000000362293734	1645.741720276014
0.020000000346717898	1645.7417195532933
0.020000000331786272	1645.7417188601696
0.02000000031747335	1645.7417181954852
0.020000000303754595	1645.7417175581243
0.02000000029060638	1645.741716947013
0.020000000278005987	1645.7417163611176
0.020000000265931555	1645.741715799443
0.020000000254362042	1645.7417152610315
0.02000000024327722	1645.7417147449612
0.020000000232657633	1645.7417142503448
0.02000000022248456	1645.7417137763287
0.020000000212740003	1645.7417133220913
0.020000000203406653	1645.741712886843
0.020000000194467876	1645.7417124698231
0.020000000185907668	1645.7417120703005
0.020000000177710645	1645.7417116875724
0.020000000169862024	1645.7417113209617
0.020000000162347598	1645.7417109698179
0.02000000015515371	1645.7417106335156
0.020000000148267225	1645.7417103114535
0.020000000141675536	1645.741710003054
0.020000000135366524	1645.741709707761
0.020000000129328552	1645.74170942504
0.020000000123550434	1645.741709154378
0.020000000118021423	1645.741708895281
0.020000000112731207	1645.7417086472747
0.020000000107669863	1645.7417084099036
0.020000000102827886	1645.7417081827305
0.02000000009819613	1645.741707965334
0.02000000009376582	1645.7417077573102
0.02000000008952853	1645.7417075582712
0.020000000085476175	1645.741707367844
0.020000000081600994	1645.7417071856707
0.020000000077895524	1645.7417070114082
0.02000000007435262	1645.7417068447255
0.020000000070965425	1645.7417066853063
0.02000000006772734	1645.7417065328457
0.020000000064632057	1645.7417063870519
0.020000000061673507	1645.741706247645
0.020000000058845883	1645.7417061143553
0.020000000056143597	1645.7417059869251
0.0200000000535613	1645.7417058651063
0.020000000051093862	1645.7417057486612
0.020000000048736356	1645.7417056373617
0.020000000046484067	1645.7417055309886
0.020000000044332465	1645.7417054293326
0.02000000004227722	1645.741705332192
0.020000000040314173	1645.7417052393735
0.02000000003843932	1645.741705150692
0.020000000036648858	1645.7417050659703
0.02000000003493912	1645.7417049850378
0.020000000033306594	1645.7417049077312
0.020000000031747914	1645.741704833894
0.02000000003025986	1645.7417047633758
0.020000000028839345	1645.7417046960331
0.020000000027483412	1645.7417046317285
0.02000000002618922	1645.7417045703291
0.020000000024954067	1645.741704511709
0.02000000002377534	1645.7417044557462
0.02000000002265056	1645.7417044023248
0.020000000021577338	1645.7417043513328
0.020000000020553396	1645.7417043026649
0.020000000019576546	1645.741704256218
0.020000000018644697	1645.7417042118946
0.02000000001775584	1645.7417041696008
0.020000000016908066	1645.7417041292472
0.020000000016099535	1645.7417040907478
0.0200000000153285	1645.74170405402
0.020000000014593268	1645.741704018986
0.020000000013892242	1645.7417039855688
0.02000000001322388	1645.7417039536974
0.02000000001258671	1645.7417039233028
0.020000000011979328	1645.7417038943186
0.020000000011400378	1645.7417038666815
0.02000000001084858	1645.741703840331
0.020000000010322698	1645.7417038152093
0.020000000009821557	1645.7417037912612
0.020000000009344033	1645.7417037684331
0.020000000008889046	1645.7417037466746
0.020000000008455567	1645.7417037259374
0.020000000008042612	1645.7417037061753
0.020000000007649243	1645.7417036873437
0.020000000007274553	1645.7417036694003
0.02000000000691769	1645.7417036523043
0.02000000000657783	1645.7417036360173
0.02000000000625419	1645.7417036205022
0.020000000005946015	1645.7417036057234
0.020000000005652597	1645.741703591647
0.020000000005373244	1645.741703578241
0.020000000005107307	1645.7417035654744
0.020000000004854163	1645.7417035533178
0.020000000004613216	1645.741703541743
0.02000000000438389	1645.7417035307226
0.020000000004165647	1645.741703520231
0.020000000003957963	1645.7417035102437
0.020000000003760347	1645.7417035007375
0.020000000003572327	1645.7417034916896
0.020000000003393446	1645.7417034830787
0.02000000000322328	1645.7417034748844
0.02000000000306141	1645.7417034670866
0.02000000000290745	1645.741703459668
0.020000000002761018	1645.74170345261
0.020000000002621768	1645.741703445895
0.020000000002489346	1645.7417034395075
0.020000000002363433	1645.7417034334321
0.020000000002243716	1645.7417034276536
0.0200000000021299	1645.7417034221583
0.020000000002021706	1645.7417034169323
0.020000000001918858	1645.7417034119628
0.020000000001821106	1645.741703407238
0.020000000001728198	1645.7417034027465
0.020000000001639907	1645.7417033984764
0.02000000000155601	1645.7417033944175
0.02000000000147629	1645.7417033905595
0.02000000000140055	1645.7417033868928
0.020000000001328594	1645.741703383408
0.02000000000126024	1645.7417033800966
0.020000000001195308	1645.74170337695
0.02000000000113364	1645.7417033739603
0.020000000001075068	1645.74170337112
0.02000000000101945	1645.7417033684214
0.02000000000096663	1645.7417033658587
0.020000000000916476	1645.7417033634247
0.02000000000086886	1645.7417033611125
0.020000000000823654	1645.7417033589172
0.020000000000780744	1645.7417033568324
0.02000000000074001	1645.7417033548531
0.020000000000701353	1645.7417033529737
0.02000000000066466	1645.7417033511897
0.02000000000062984	1645.7417033494958
0.020000000000596794	1645.7417033478878
0.020000000000565444	1645.741703346362
0.0200000000005357	1645.7417033449135
0.020000000000507483	1645.7417033435388
0.020000000000480717	1645.7417033422344
0.020000000000455324	1645.7417033409965
0.02000000000043124	1645.7417033398224
0.0200000000004084	1645.7417033387085
0.02000000000038674	1645.741703337652
0.0200000000003662	1645.74170333665
0.020000000000346727	1645.7417033356992
0.020000000000328266	1645.7417033347979
0.020000000000310762	1645.7417033339427
0.02000000000029417	1645.7417033331321
0.02000000000027844	1645.7417033323636
0.020000000000263536	1645.7417033316344
0.02000000000024941	1645.7417033309432
0.020000000000236023	1645.7417033302881
0.020000000000223336	1645.7417033296674
0.020000000000211317	1645.7417033290787
0.02000000000019993	1645.7417033285212
0.020000000000189144	1645.7417033279928
0.020000000000178927	1645.7417033274921
0.020000000000169247	1645.7417033270174
0.020000000000160077	1645.7417033265676
0.020000000000151397	1645.7417033261418
0.020000000000143178	1645.741703325738
0.020000000000135392	1645.7417033253553
0.020000000000128016	1645.741703324993
0.020000000000121036	1645.7417033246497
0.020000000000114423	1645.7417033243244
0.020000000000108164	1645.741703324016
0.020000000000102238	1645.7417033237239
0.020000000000096625	1645.741703323447
0.020000000000091313	1645.741703323184
0.02000000000008628	1645.7417033229353
0.020000000000081508	1645.7417033226989
0.020000000000076984	1645.7417033224747
0.02000000000007269	1645.7417033222619
0.020000000000068616	1645.7417033220588
0.02000000000006474	1645.7417033218655
0.02000000000006105	1645.7417033216814
0.020000000000057527	1645.7417033215052
0.02000000000005416	1645.7417033213362
0.02000000000005092	1645.7417033211734
0.020000000000047796	1645.7417033210156
0.020000000000044763	1645.7417033208624
0.020000000000041793	1645.741703320712
0.02000000000003886	1645.7417033205636
0.02000000000003593	1645.7417033204151
