0.02	1645.7417033186725
0.02000000000000004	1645.7417033186725
0.02000000000000008	1645.7417033186725
0.020000000000000122	1645.7417033186725
0.020000000000000167	1645.7417033186725
0.020000000000000212	1645.7417033186725
0.02000000000000026	1645.7417033186725
0.020000000000000313	1645.7417033186725
0.020000000000000365	1645.7417033186725
0.02000000000000042	1645.7417033186725
0.02000000000000048	1645.7417033186725
0.020000000000000538	1645.7417033186725
0.0200000000000006	1645.7417033186725
0.020000000000000667	1645.7417033186725
0.020000000000000736	1645.7417033186725
0.02000000000000081	1645.7417033186725
0.02000000000000088	1645.7417033186725
0.020000000000000958	1645.7417033186725
0.020000000000001038	1645.7417033186725
0.02000000000000112	1645.7417033186725
0.020000000000001204	1645.7417033186725
0.02000000000000129	1645.7417033186725
0.020000000000001385	1645.7417033186725
0.02000000000000148	1645.7417033186725
0.02000000000000158	1645.7417033186725
0.02000000000000168	1645.7417033186725
0.020000000000001787	1645.7417033186725
0.020000000000001898	1645.7417033186725
0.02000000000000201	1645.7417033186725
0.020000000000002127	1645.7417033186725
0.020000000000002252	1645.7417033186725
0.020000000000002377	1645.7417033186725
0.02000000000000251	1645.7417033186725
0.020000000000002648	1645.7417033186725
0.020000000000002786	1645.7417033186725
0.020000000000002932	1645.7417033186725
0.020000000000003085	1645.7417033186725
0.020000000000003237	1645.7417033186725
0.020000000000003397	1645.7417033186725
0.020000000000003564	1645.7417033186725
0.020000000000003734	1645.7417033186725
0.02000000000000391	1645.7417033186725
0.020000000000004094	1645.7417033186725
0.020000000000004285	1645.7417033186725
0.020000000000004486	1645.7417033186725
0.020000000000004698	1645.7417033186725
0.020000000000004917	1645.7417033186723
0.020000000000005146	1645.741703318672
0.02000000000000539	1645.7417033186716
0.02000000000000564	1645.741703318671
0.0200000000000059	1645.7417033186703
0.02000000000000617	1645.7417033186694
0.02000000000000645	1645.7417033186682
0.020000000000006745	1645.741703318667
0.02000000000000705	1645.7417033186657
0.020000000000007366	1645.7417033186641
0.020000000000007696	1645.7417033186625
0.02000000000000804	1645.7417033186607
0.020000000000008393	1645.7417033186587
0.02000000000000876	1645.7417033186566
0.020000000000009146	1645.7417033186543
0.020000000000009545	1645.7417033186518
0.020000000000009965	1645.7417033186493
0.0200000000000104	1645.7417033186466
0.020000000000010853	1645.7417033186437
0.02000000000001132	1645.7417033186407
0.02000000000001181	1645.7417033186375
0.02000000000001232	1645.741703318634
0.020000000000012848	1645.7417033186307
0.020000000000013396	1645.741703318627
0.020000000000013972	1645.741703318623
0.02000000000001457	1645.7417033186189
0.02000000000001519	1645.7417033186146
0.02000000000001584	1645.7417033186102
0.02000000000001651	1645.7417033186057
0.02000000000001721	1645.7417033186007
0.020000000000017934	1645.7417033185957
0.02000000000001869	1645.7417033185902
0.020000000000019474	1645.7417033185848
0.020000000000020293	1645.741703318579
0.020000000000021143	1645.7417033185732
0.020000000000022028	1645.741703318567
0.020000000000022944	1645.7417033185604
0.0200000000000239	1645.7417033185538
0.020000000000024894	1645.7417033185468
0.020000000000025928	1645.7417033185395
0.020000000000027	1645.741703318532
0.020000000000028113	1645.7417033185243
0.020000000000029272	1645.741703318516
0.02000000000003048	1645.7417033185077
0.020000000000031735	1645.7417033184988
0.02000000000003304	1645.7417033184897
0.020000000000034393	1645.7417033184804
0.0200000000000358	1645.7417033184706
0.020000000000037262	1645.7417033184606
0.020000000000038782	1645.7417033184504
0.02000000000004036	1645.7417033184397
0.020000000000042005	1645.7417033184288
0.020000000000043712	1645.7417033184176
0.020000000000045485	1645.741703318406
0.020000000000047327	1645.7417033183938
0.02000000000004924	1645.741703318381
0.020000000000051227	1645.7417033183674
0.02000000000005329	1645.7417033183533
0.02000000000005544	1645.7417033183388
0.020000000000057666	1645.7417033183233
0.02000000000005998	1645.7417033183074
0.020000000000062385	1645.7417033182908
0.02000000000006488	1645.7417033182735
0.02000000000006747	1645.7417033182555
0.02000000000007016	1645.7417033182367
0.020000000000072952	1645.741703318217
0.02000000000007585	1645.7417033181969
0.020000000000078857	1645.7417033181757
0.020000000000081983	1645.741703318154
0.020000000000085227	1645.7417033181314
0.0200000000000886	1645.7417033181077
0.0200000000000921	1645.7417033180832
0.020000000000095733	1645.7417033180577
0.020000000000099508	1645.741703318031
0.02000000000010342	1645.7417033180034
0.020000000000107487	1645.7417033179745
0.020000000000111706	1645.7417033179445
0.020000000000116088	1645.7417033179133
0.020000000000120637	1645.7417033178808
0.02000000000012536	1645.7417033178472
0.020000000000130268	1645.7417033178124
0.02000000000013537	1645.7417033177762
0.020000000000140673	1645.7417033177385
0.02000000000014618	1645.741703317699
0.0200000000001519	1645.741703317658
0.020000000000157843	1645.7417033176155
0.020000000000164015	1645.7417033175711
0.02000000000017043	1645.7417033175252
0.020000000000177095	1645.7417033174775
0.020000000000184013	1645.741703317428
0.0200000000001912	1645.7417033173765
0.020000000000198664	1645.7417033173228
0.02000000000020641	1645.7417033172671
0.020000000000214457	1645.7417033172092
0.02000000000022281	1645.7417033171491
0.020000000000231482	1645.7417033170866
0.02000000000024048	1645.7417033170218
0.02000000000024982	1645.7417033169543
0.02000000000025952	1645.741703316884
0.02000000000026958	1645.7417033168113
0.02000000000028002	1645.7417033167358
0.020000000000290855	1645.741703316657
0.0200000000003021	1645.7417033165755
0.020000000000313763	1645.7417033164907
0.02000000000032586	1645.7417033164024
0.02000000000033841	1645.741703316311
0.02000000000035143	1645.741703316216
0.020000000000364938	1645.7417033161173
0.020000000000378944	1645.7417033160145
0.02000000000039348	1645.7417033159081
0.020000000000408566	1645.7417033157974
0.020000000000424213	1645.7417033156826
0.020000000000440447	1645.7417033155632
0.020000000000457284	1645.74170331544
0.020000000000474753	1645.7417033153124
0.02000000000049287	1645.7417033151803
0.020000000000511657	1645.7417033150439
0.020000000000531145	1645.7417033149027
0.020000000000551355	1645.7417033147565
0.020000000000572307	1645.7417033146053
0.02000000000059403	1645.7417033144486
0.020000000000616552	1645.7417033142867
0.020000000000639905	1645.741703314119
0.02000000000066412	1645.7417033139452
0.020000000000689227	1645.7417033137656
0.020000000000715258	1645.7417033135796
0.020000000000742247	1645.7417033133872
0.020000000000770225	1645.741703313188
0.020000000000799222	1645.741703312982
0.02000000000082928	1645.7417033127685
0.020000000000860437	1645.7417033125473
0.020000000000892727	1645.7417033123184
0.020000000000926194	1645.7417033120812
0.02000000000096088	1645.7417033118356
0.020000000000996828	1645.7417033115812
0.02000000000103408	1645.7417033113177
0.020000000001072687	1645.7417033110448
0.02000000000111269	1645.7417033107622
0.020000000001154136	1645.7417033104696
0.02000000000119708	1645.7417033101663
0.020000000001241577	1645.741703309852
0.020000000001287682	1645.7417033095269
0.020000000001335446	1645.74170330919
0.020000000001384927	1645.7417033088414
0.020000000001436185	1645.741703308481
0.020000000001489285	1645.741703308108
0.02000000000154429	1645.7417033077222
0.02000000000160126	1645.741703307323
0.02000000000166027	1645.7417033069098
0.02000000000172138	1645.7417033064826
0.020000000001784677	1645.7417033060403
0.02000000000185023	1645.7417033055826
0.020000000001918112	1645.7417033051092
0.020000000001988406	1645.7417033046193
0.020000000002061202	1645.7417033041122
0.020000000002136576	1645.7417033035874
0.020000000002214618	1645.7417033030442
0.02000000000229542	1645.7417033024824
0.02000000000237908	1645.7417033019012
0.02000000000246569	1645.7417033013003
0.020000000002555352	1645.7417033006789
0.02000000000264817	1645.741703300036
0.020000000002744253	1645.7417032993715
0.020000000002843712	1645.741703298684
0.020000000002946657	1645.7417032979724
0.020000000003053214	1645.7417032972373
0.0200000000031635	1645.7417032964775
0.02000000000327764	1645.7417032956926
0.020000000003395763	1645.7417032948813
0.020000000003518006	1645.7417032940432
0.0200000000036445	1645.7417032931771
0.0200000000037754	1645.741703292282
0.020000000003910844	1645.741703291357
0.020000000004050996	1645.741703290401
0.020000000004196	1645.7417032894132
0.020000000004346027	1645.7417032883927
0.02000000000450124	1645.7417032873384
0.020000000004661813	1645.741703286249
0.020000000004827923	1645.741703285123
0.020000000004999754	1645.7417032839599
0.0200000000051775	1645.7417032827582
0.020000000005361354	1645.7417032815172
0.020000000005551518	1645.741703280235
0.0200000000057482	1645.7417032789103
0.020000000005951615	1645.7417032775418
0.02000000000616198	1645.7417032761282
0.02000000000637954	1645.741703274668
0.020000000006604516	1645.7417032731596
0.020000000006837156	1645.7417032716016
0.02000000000707771	1645.7417032699925
0.02000000000732644	1645.7417032683306
0.02000000000758361	1645.7417032666142
0.0200000000078495	1645.7417032648414
0.020000000008124394	1645.7417032630108
0.020000000008408583	1645.7417032611202
0.020000000008702376	1645.741703259168
0.020000000009006078	1645.7417032571525
0.020000000009320014	1645.7417032550716
0.020000000009644508	1645.7417032529236
0.020000000009979906	1645.7417032507062
0.020000000010326566	1645.7417032484175
0.02000000001068485	1645.7417032460548
0.020000000011055126	1645.741703243616
0.020000000011437785	1645.741703241099
0.020000000011833222	1645.7417032385008
0.020000000012241854	1645.7417032358192
0.020000000012664096	1645.7417032330513
0.020000000013100386	1645.7417032301946
0.02000000001355118	1645.7417032272467
0.020000000014016934	1645.7417032242045
0.020000000014498125	1645.741703221065
0.020000000014995252	1645.7417032178262
0.020000000015508813	1645.7417032144842
0.020000000016039333	1645.7417032110363
0.02000000001658735	1645.7417032074788
0.020000000017153418	1645.7417032038088
0.020000000017738107	1645.741703200023
0.02000000001834201	1645.7417031961177
0.02000000001896573	1645.7417031920888
0.020000000019609887	1645.7417031879331
0.020000000020275122	1645.7417031836462
0.020000000020962107	1645.741703179225
0.020000000021671516	1645.7417031746652
0.020000000022404055	1645.7417031699626
0.02000000002316045	1645.7417031651128
0.020000000023941446	1645.7417031601117
0.02000000002474781	1645.7417031549544
0.020000000025580326	1645.7417031496366
0.02000000002643982	1645.7417031441532
0.02000000002732712	1645.7417031384996
0.020000000028243092	1645.7417031326706
0.02000000002918862	1645.7417031266616
0.020000000030164628	1645.7417031204668
0.020000000031172055	1645.741703114081
0.020000000032211862	1645.7417031074988
0.020000000033285052	1645.7417031007142
0.02000000003439266	1645.7417030937213
0.020000000035535734	1645.7417030865142
0.020000000036715364	1645.7417030790868
0.020000000037932668	1645.7417030714323
0.020000000039188802	1645.7417030635443
0.020000000040484953	1645.7417030554159
0.020000000041822338	1645.7417030470401
0.02000000004320222	1645.7417030384092
0.02000000004462589	1645.7417030295167
0.020000000046094677	1645.7417030203544
0.020000000047609948	1645.741703010915
0.02000000004917311	1645.74170300119
0.02000000005078562	1645.7417029911717
0.020000000052448962	1645.7417029808514
0.02000000005416467	1645.74170297022
0.020000000055934324	1645.7417029592693
0.02000000005775955	1645.7417029479898
0.020000000059642007	1645.7417029363721
0.020000000061583426	1645.7417029244068
0.020000000063585564	1645.741702912084
0.020000000065650236	1645.7417028993932
0.020000000067779314	1645.7417028863242
0.020000000069974717	1645.7417028728662
0.020000000072238417	1645.741702859008
0.020000000074572456	1645.7417028447387
0.020000000076978913	1645.7417028300463
0.020000000079459936	1645.7417028149193
0.020000000082017737	1645.7417027993451
0.020000000084654586	1645.7417027833117
0.020000000087372818	1645.7417027668052
0.02000000009017483	1645.7417027498134
0.020000000093063092	1645.7417027323224
0.020000000096040135	1645.7417027143185
0.02000000009910857	1645.7417026957871
0.020000000102271064	1645.7417026767137
0.020000000105530387	1645.7417026570836
0.020000000108889363	1645.7417026368814
0.020000000112350893	1645.7417026160915
0.020000000115917974	1645.7417025946975
0.020000000119593672	1645.7417025726825
0.020000000123381146	1645.7417025500297
0.020000000127283642	1645.7417025267212
0.020000000131304492	1645.7417025027394
0.020000000135447116	1645.741702478066
0.020000000139715028	1645.741702452682
0.02000000014411185	1645.7417024265676
0.020000000148641294	1645.7417023997036
0.020000000153307166	1645.7417023720689
0.02000000015811339	1645.7417023436426
0.02000000016306399	1645.7417023144035
0.0200000001681631	1645.7417022843297
0.02000000017341496	1645.7417022533987
0.02000000017882394	1645.7417022215873
0.020000000184394507	1645.741702188872
0.02000000019013127	1645.741702155229
0.020000000196038946	1645.741702120633
0.020000000202122385	1645.7417020850587
0.02000000020838657	1645.7417020484802
0.02000000021483661	1645.7417020108703
0.020000000221477764	1645.7417019722013
0.02000000022831541	1645.7417019324453
0.020000000235355087	1645.7417018915733
0.020000000242602477	1645.741701849556
0.020000000250063408	1645.7417018063627
0.02000000025774387	1645.7417017619625
0.020000000265650006	1645.741701716324
0.020000000273788125	1645.7417016694149
0.0200000002821647	1645.7417016212016
0.02000000029078637	1645.7417015716496
0.020000000299659964	1645.7417015207243
0.02000000030879247	1645.7417014683897
0.020000000318191075	1645.741701414609
0.02000000032786315	1645.7417013593442
0.020000000337816255	1645.7417013025572
0.020000000348058145	1645.7417012442081
0.020000000358596785	1645.7417011842572
0.020000000369440336	1645.7417011226628
0.020000000380597186	1645.7417010593829
0.02000000039207593	1645.7417009943736
0.020000000403885384	1645.7417009275907
0.020000000416034596	1645.7417008589882
0.02000000042853285	1645.74170078852
0.020000000441389647	1645.7417007161378
0.020000000454614763	1645.7417006417934
0.020000000468218208	1645.7417005654374
0.02000000048221025	1645.7417004870179
0.020000000496601424	1645.7417004064823
0.02000000051140252	1645.7417003237779
0.02000000052662462	1645.7417002388488
0.020000000542279073	1645.7417001516394
0.020000000558377525	1645.7417000620926
0.02000000057493191	1645.7416999701495
0.020000000591954475	1645.7416998757492
0.020000000609457762	1645.7416997788307
0.020000000627454637	1645.741699679331
0.02000000064595829	1645.741699577186
0.02000000066498224	1645.7416994723296
0.02000000068454034	1645.7416993646943
0.020000000704646796	1645.7416992542114
0.02000000072531616	1645.7416991408095
0.02000000074656336	1645.7416990244174
0.02000000076840369	1645.7416989049611
0.020000000790852807	1645.7416987823651
0.020000000813926784	1645.741698656552
0.02000000083764207	1645.7416985274428
0.020000000862015536	1645.7416983949574
0.02000000088706445	1645.7416982590128
0.020000000912806525	1645.741698119524
0.02000000093925989	1645.7416979764055
0.02000000096644313	1645.741697829569
0.02000000099437529	1645.741697678924
0.020000001023075864	1645.7416975243784
0.020000001052564834	1645.741697365838
0.02000000108286266	1645.7416972032065
0.020000001113990307	1645.7416970363852
0.02000000114596924	1645.741696865273
0.020000001178821447	1645.7416966897688
0.020000001212569448	1645.7416965097655
0.020000001247236308	1645.741696325156
0.02000000128284564	1645.7416961358308
0.020000001319421628	1645.7416959416773
0.020000001356989042	1645.7416957425814
0.02000000139557323	1645.741695538426
0.020000001435200164	1645.7416953290908
0.020000001475896416	1645.7416951144537
0.020000001517689204	1645.7416948943905
0.020000001560606388	1645.7416946687727
0.02000000160467649	1645.7416944374702
0.020000001649928704	1645.7416942003495
0.02000000169639291	1645.7416939572754
0.020000001744099705	1645.7416937081086
0.020000001793080393	1645.741693452707
0.02000000184336702	1645.7416931909263
0.020000001894992375	1645.741692922618
0.02000000194799003	1645.7416926476312
0.020000002002394327	1645.741692365811
0.02000000205824041	1645.741692077001
0.02000000211556424	1645.7416917810401
0.020000002174402627	1645.7416914777639
0.020000002234793212	1645.7416911670048
0.020000002296774514	1645.741690848592
0.02000000236038595	1645.7416905223508
0.020000002425667834	1645.741690188103
0.020000002492661418	1645.7416898456668
0.020000002561408894	1645.741689494856
0.020000002631953416	1645.7416891354815
0.020000002704339125	1645.7416887673496
0.020000002778611175	1645.7416883902636
0.020000002854815752	1645.7416880040212
0.02000000293300008	1645.7416876084174
0.020000003013212458	1645.7416872032427
0.020000003095502275	1645.7416867882832
0.02000000317992005	1645.741686363321
0.020000003266517425	1645.7416859281327
0.020000003355347212	1645.7416854824921
0.0200000034464634	1645.7416850261673
0.020000003539921197	1645.7416845589223
0.020000003635777044	1645.7416840805156
0.020000003734088636	1645.7416835907015
0.02000000383491496	1645.74168308923
0.020000003938316312	1645.7416825758455
0.020000004044354328	1645.741682050287
0.020000004153092	1645.7416815122892
0.02000000426459372	1645.7416809615806
0.0200000043789253	1645.7416803978856
0.020000004496153998	1645.7416798209226
0.020000004616348547	1645.741679230404
0.02000000473957919	1645.7416786260374
0.020000004865917707	1645.7416780075241
0.02000000499543744	1645.7416773745606
0.020000005128213327	1645.7416767268369
0.02000000526432194	1645.7416760640374
0.020000005403841517	1645.7416753858397
0.02000000554685198	1645.7416746919162
0.02000000569343498	1645.7416739819325
0.020000005843673934	1645.7416732555484
0.020000005997654044	1645.7416725124165
0.020000006155462352	1645.7416717521826
0.020000006317187756	1645.741670974487
0.020000006482921055	1645.741670178963
0.02000000665275499	1645.7416693652362
0.020000006826784274	1645.7416685329256
0.02000000700510563	1645.7416676816438
0.020000007187817838	1645.7416668109963
0.020000007375021764	1645.7416659205796
0.020000007566820396	1645.7416650099847
0.020000007763318905	1645.7416640787935
0.02000000796462466	1645.7416631265817
0.02000000817084729	1645.741662152916
0.02000000838209872	1645.7416611573565
0.020000008598493206	1645.7416601394543
0.02000000882014739	1645.7416590987527
0.020000009047180335	1645.7416580347867
0.020000009279713585	1645.741656947083
0.02000000951787118	1645.7416558351597
0.020000009761779746	1645.7416546985264
0.02000001001156851	1645.7416535366838
0.020000010267369354	1645.7416523491247
0.020000010529316874	1645.7416511353315
0.020000010797548415	1645.7416498947782
0.020000011072204137	1645.7416486269296
0.020000011353427053	1645.7416473312408
0.020000011641363086	1645.741646007157
0.020000011936161122	1645.7416446541154
0.02000001223797306	1645.7416432715413
0.020000012546953876	1645.7416418588516
0.02000001286326167	1645.7416404154524
0.02000001318705772	1645.7416389407397
0.020000013518506544	1645.7416374340994
0.02000001385777596	1645.741635894907
0.02000001420503713	1645.7416343225264
0.020000014560464636	1645.7416327163116
0.020000014924236528	1645.7416310756053
0.020000015296534404	1645.7416293997396
0.020000015677543448	1645.7416276880351
0.020000016067452508	1645.7416259398015
0.02000001646645415	1645.7416241543363
0.020000016874744734	1645.7416223309253
0.020000017292524472	1645.741620468843
0.020000017719997498	1645.7416185673505
0.02000001815737193	1645.7416166256994
0.020000018604859945	1645.7416146431271
0.020000019062677857	1645.7416126188582
0.02000001953104616	1645.741610552106
0.020000020010189624	1645.7416084420709
0.020000020500337362	1645.7416062879395
0.020000021001722896	1645.7416040888857
0.02000002151458424	1645.7416018440706
0.020000022039163973	1645.7415995526414
0.020000022575709316	1645.7415972137317
0.020000023124472206	1645.7415948264616
0.020000023685709377	1645.7415923899368
0.020000024259682444	1645.7415899032503
0.020000024846657975	1645.7415873654793
0.02000002544690758	1645.7415847756872
0.020000026060708005	1645.741582132923
0.020000026688341173	1645.7415794362207
0.020000027330094327	1645.7415766846002
0.020000027986260074	1645.7415738770644
0.020000028657136498	1645.741571012603
0.02000002934302723	1645.7415680901893
0.02000003004424155	1645.7415651087808
0.02000003076109447	1645.7415620673203
0.020000031493906834	1645.7415589647333
0.0200000322430054	1645.7415557999298
0.020000033008722953	1645.7415525718038
0.02000003379139838	1645.7415492792327
0.020000034591376784	1645.7415459210767
0.020000035409009565	1645.7415424961794
0.02000003624465454	1645.7415390033684
0.02000003709867602	1645.7415354414525
0.02000003797144494	1645.7415318092244
0.02000003886333893	1645.7415281054589
0.020000039774742448	1645.7415243289129
0.020000040706046864	1645.7415204783258
0.020000041657650583	1645.7415165524187
0.02000004262995914	1645.7415125498944
0.020000043623385318	1645.741508469437
0.02000004463834926	1645.7415043097133
0.02000004567527858	1645.7415000693697
0.02000004673460846	1645.7414957470344
0.0200000478167818	1645.7414913413165
0.020000048922249294	1645.741486850806
0.020000050051469584	1645.7414822740736
0.02000005120490935	1645.7414776096691
0.020000052383043438	1645.7414728561243
0.020000053586354996	1645.7414680119498
0.020000054815335573	1645.7414630756361
0.020000056070485266	1645.7414580456532
0.02000005735231282	1645.7414529204516
0.02000005866133578	1645.7414476984602
0.020000059998080615	1645.7414423780872
0.02000006136308284	1645.7414369577205
0.020000062756887146	1645.7414314357259
0.020000064180047537	1645.7414258104482
0.020000065633127454	1645.7414200802107
0.02000006711669993	1645.7414142433142
0.02000006863134772	1645.74140829804
0.020000070177663427	1645.7414022426444
0.02000007175624965	1645.7413960753636
0.02000007336771913	1645.7413897944105
0.020000075012694893	1645.741383397976
0.020000076691810375	1645.741376884228
0.020000078405709595	1645.7413702513118
0.020000080155047277	1645.74136349735
0.020000081940489026	1645.7413566204416
0.020000083762711448	1645.7413496186623
0.020000085622402325	1645.7413424900647
0.02000008752026075	1645.7413352326776
0.020000089456997303	1645.741327844507
0.020000091433334186	1645.7413203235333
0.020000093450005384	1645.7413126677143
0.020000095507756832	1645.7413048749834
0.020000097607346574	1645.7412969432503
0.020000099749544923	1645.741288870399
0.02000010193513462	1645.7412806542902
0.020000104164911003	1645.7412722927593
0.02000010643968218	1645.7412637836176
0.020000108760269187	1645.7412551246507
0.02000011112750615	1645.7412463136202
0.02000011354224048	1645.7412373482614
0.02000011600533302	1645.7412282262858
0.020000118517658236	1645.7412189453787
0.020000121080104395	1645.7412095031998
0.020000123693573707	1645.7411998973844
0.020000126358982562	1645.741190125541
0.020000129077261654	1645.7411801852531
0.0200001318493562	1645.7411700740788
0.020000134676226095	1645.7411597895493
0.020000137558846123	1645.7411493291704
0.020000140498206125	1645.741138690422
0.020000143495311186	1645.7411278707586
0.02000014655118183	1645.7411168676072
0.020000149666854202	1645.7411056783696
0.020000152843380293	1645.741094300422
0.020000156081828077	1645.741082731112
0.02000015938328175	1645.7410709677629
0.0200001627488419	1645.7410590076715
0.02000016617962572	1645.741046848108
0.020000169676767206	1645.7410344863154
0.020000173241417354	1645.7410219195106
0.020000176874744355	1645.7410091448853
0.020000180577933808	1645.7409961596034
0.020000184352188914	1645.7409829608025
0.020000188198730697	1645.7409695455945
0.020000192118798193	1645.7409559110642
0.02000019611364867	1645.7409420542708
0.02000020018455785	1645.7409279722451
0.0200002043328201	1645.7409136619947
0.02000020855974864	1645.7408991204982
0.02000021286667578	1645.740884344709
0.02000021725495311	1645.740869331555
0.02000022172595175	1645.7408540779359
0.020000226281062534	1645.7408385807278
0.020000230921696248	1645.7408228367794
0.020000235649283844	1645.7408068429138
0.020000240465276663	1645.7407905959276
0.02000024537114665	1645.7407740925921
0.020000250368386607	1645.7407573296543
0.020000255458510367	1645.7407403038342
0.020000260643053082	1645.7407230118265
0.020000265923571396	1645.7407054503014
0.020000271301643717	1645.7406876159037
0.02000027677887041	1645.740669505253
0.020000282356874056	1645.7406511149447
0.02000028803729966	1645.7406324415495
0.02000029382181491	1645.740613481613
0.020000299712110387	1645.7405942316577
0.020000305709899812	1645.7405746881816
0.02000031181692028	1645.7405548476588
0.020000318034932508	1645.7405347065398
0.020000324365721054	1645.7405142612524
0.020000330811094563	1645.7404935082009
0.02000033737288601	1645.740472443767
0.020000344052952933	1645.7404510643096
0.020000350853177685	1645.7404293661652
0.02000035777546767	1645.7404073456491
0.02000036482175558	1645.7403849990542
0.02000037199399965	1645.7403623226526
0.020000379294183888	1645.7403393126951
0.02000038672431834	1645.7403159654118
0.02000039428643931	1645.7402922770132
0.020000401982609634	1645.740268243689
0.020000409814918903	1645.7402438616098
0.02000041778548372	1645.7402191269266
0.020000425896447935	1645.7401940357727
0.02000043414998292	1645.7401685842617
0.02000044254828779	1645.7401427684904
0.02000045109358967	1645.7401165845374
0.020000459788143927	1645.7400900284654
0.020000468634234436	1645.7400630963189
0.020000477634173817	1645.7400357841275
0.020000486790303675	1645.7400080879056
0.02000049610499488	1645.739980003652
0.0200005055806478	1645.7399515273507
0.02000051521969252	1645.739922654973
0.02000052502458916	1645.739893382476
0.020000534997828043	1645.7398637058045
0.020000545141930014	1645.73983362089
0.02000055545944665	1645.7398031236542
0.02000056595296051	1645.7397722100068
0.020000576625085396	1645.7397408758468
0.02000058747846659	1645.7397091170649
0.020000598515781103	1645.7396769295415
0.020000609739737933	1645.7396443091502
0.020000621153078286	1645.739611251756
0.02000063275857584	1645.7395777532179
0.02000064455903699	1645.7395438093874
0.020000656557301075	1645.7395094161125
0.020000668756240646	1645.739474569235
0.020000681158761666	1645.739439264595
0.020000693767803793	1645.7394034980277
0.020000706586340577	1645.7393672653673
0.020000719617379745	1645.7393305624462
0.020000732863963394	1645.7392933850972
0.02000074632916826	1645.7392557291535
0.02000076001610591	1645.7392175904495
0.02000077392792301	1645.7391789648223
0.020000788067801527	1645.739139848112
0.020000802438958982	1645.7391002361633
0.02000081704464865	1645.7390601248253
0.02000083188815979	1645.739019509955
0.02000084697281788	1645.7389783874148
0.020000862301984813	1645.7389367530777
0.020000877879059135	1645.7388946028243
0.020000893707476233	1645.7388519325468
0.02000090979070857	1645.738808738148
0.02000092613226586	1645.7387650155445
0.020000942735695304	1645.7387207606662
0.020000959604581772	1645.7386759694587
0.020000976742548	1645.7386306378826
0.020000994153254795	1645.7385847619169
0.02000101184040122	1645.7385383375595
0.020001029807724776	1645.7384913608273
0.020001048059001575	1645.7384438277593
0.02000106659804654	1645.7383957344168
0.02000108542871356	1645.7383470768843
0.02000110455489566	1645.7382978512721
0.02000112398052518	1645.7382480537167
0.020001143709573916	1645.7381976803829
0.020001163746053267	1645.7381467274645
0.02000118409401441	1645.7380951911857
0.020001204757548435	1645.7380430678033
0.020001225740786457	1645.7379903536078
0.020001247047899774	1645.7379370449237
0.02000126868309998	1645.7378831381138
0.02000129065063908	1645.7378286295777
0.020001312954809603	1645.7377735157554
0.020001335599944724	1645.737717793128
0.02000135859041832	1645.7376614582192
0.020001381930645094	1645.737604507597
0.020001405625080647	1645.737546937877
0.020001429678221536	1645.7374887457206
0.020001454094605367	1645.7374299278397
0.020001478878810826	1645.737370480997
0.020001504035457734	1645.7373104020085
0.02000152956920708	1645.737249687745
0.020001555484761055	1645.7371883351327
0.020001581786863062	1645.7371263411571
0.020001608480297736	1645.737063702863
0.02000163556989093	1645.7370004173579
0.020001663060509708	1645.7369364818119
0.020001690957062303	1645.7368718934615
0.020001719264498095	1645.7368066496101
0.020001747987807548	1645.736740747631
0.020001777132022166	1645.7366741849685
0.020001806702214398	1645.7366069591405
0.02000183670349756	1645.7365390677398
0.020001867141025725	1645.7364705084372
0.020001898019993605	1645.7364012789824
0.020001929345636424	1645.736331377206
0.020001961123229776	1645.7362608010224
0.02000199335808944	1645.7361895484316
0.02000202605557123	1645.7361176175214
0.020002059221070765	1645.7360450064689
0.02000209286002329	1645.7359717135425
0.02000212697790342	1645.7358977371061
0.0200021615802249	1645.7358230756186
0.02000219667254034	1645.7357477276373
0.020002232260440914	1645.7356716918205
0.020002268349556082	1645.7355949669293
0.020002304945553214	1645.7355175518292
0.02000234205413728	1645.735439445494
0.020002379681050477	1645.735360647006
0.020002417832071823	1645.7352811555604
0.02000245651301675	1645.7352009704655
0.020002495729736645	1645.7351200911462
0.020002535488118416	1645.7350385171471
0.020002575794083984	1645.734956248133
0.020002616653589766	1645.734873283893
0.02000265807262616	1645.7347896243411
0.020002700057216948	1645.7347052695206
0.020002742613418716	1645.7346202196045
0.020002785747320243	1645.7345344748994
0.02000282946504182	1645.7344480358468
0.02000287377273459	1645.7343609030265
0.02000291867657982	1645.7342730771584
0.020002964182788192	1645.7341845591052
0.02000301029759898	1645.7340953498745
0.020003057027279267	1645.7340054506221
0.020003104378123117	1645.7339148626534
0.020003152356450667	1645.7338235874267
0.020003200968607242	1645.7337316265543
0.020003250220962387	1645.7336389818067
0.020003300119908904	1645.7335456551148
0.02000335067186181	1645.7334516485707
0.02000340188325729	1645.7333569644322
0.02000345376055159	1645.7332616051244
0.020003506310219892	1645.7331655732414
0.020003559538755118	1645.7330688715504
0.020003613452666692	1645.7329715029928
0.020003668058479324	1645.732873470687
0.020003723362731648	1645.7327747779314
0.020003779371974905	1645.7326754282064
0.020003836092771517	1645.7325754251767
0.020003893531693663	1645.7324747726939
0.020003951695321782	1645.7323734747986
0.02000401059024303	1645.7322715357238
0.02000407022304969	1645.732168959896
0.02000413060033753	1645.732065751938
0.02000419172870414	1645.7319619166722
0.02000425361474714	1645.731857459121
0.020004316265062442	1645.7317523845115
0.020004379686242364	1645.7316466982757
0.020004443884873765	1645.7315404060535
0.02000450886753605	1645.7314335136964
0.0200045746407992	1645.7313260272667
0.02000464121122167	1645.7312179530425
0.020004708585348294	1645.731109297518
0.020004776769708094	1645.7310000674074
0.020004845770812026	1645.7308902696457
0.02000491559515069	1645.7307799113903
0.02000498624919198	1645.730669000026
0.02000505773937864	1645.7305575431624
0.020005130072125808	1645.7304455486399
0.020005203253818445	1645.7303330245302
0.020005277290808733	1645.7302199791375
0.020005352189413423	1645.7301064210014
0.020005427955911058	1645.7299923588985
0.02000550459653922	1645.729877801843
0.02000558211749164	1645.7297627590904
0.020005660524915234	1645.7296472401379
0.020005739824907182	1645.729531254726
0.020005820023511783	1645.7294148128406
0.02000590112671736	1645.7292979247145
0.02000598314045307	1645.729180600828
0.020006066070585613	1645.7290628519117
0.0200061499229159	1645.7289446889454
0.02000623470317566	1645.7288261231633
0.02000632041702397	1645.7287071660512
0.02000640707004369	1645.7285878293494
0.020006494667737882	1645.7284681250546
0.020006583215526102	1645.7283480654191
0.02000667271874067	1645.7282276629533
0.020006763182622865	1645.7281069304254
0.02000685461231902	1645.7279858808624
0.020006947012876582	1645.7278645275512
0.020007040389240078	1645.7277428840384
0.020007134746247053	1645.7276209641325
0.02000723008862388	1645.7274987819026
0.020007326420981558	1645.727376351679
0.020007423747811434	1645.727253688054
0.02000752207348084	1645.7271308058819
0.020007621402228663	1645.7270077202793
0.02000772173816089	1645.7268844466241
0.02000782308524603	1645.7267610005565
0.020007925447310528	1645.726637397978
0.0200080288280341	1645.7265136550513
0.020008133230944986	1645.7263897882003
0.020008238659415176	1645.7262658141083
0.020008345116655578	1645.7261417497182
0.02000845260571107	1645.726017612232
0.02000856112945562	1645.7258934191104
0.020008670690587198	1645.725769188069
0.020008781291622785	1645.7256449370805
0.020008892934893212	1645.725520684371
0.02000900562253802	1645.725396448421
0.020009119356500283	1645.7252722479611
0.020009234138521317	1645.725148101973
0.020009349970135423	1645.7250240296858
0.020009466852664567	1645.7249000505747
0.020009584787212983	1645.72477618436
0.020009703774661804	1645.7246524510033
0.020009823815663613	1645.7245288707059
0.02000994491063701	1645.724405463907
0.02001006705976109	1645.7242822512808
0.020010190262969973	1645.7241592537325
0.020010314519947243	1645.7240364923973
0.020010439830120418	1645.723913988637
0.02001056619265541	1645.7237917640352
0.02001069360645092	1645.7236698403967
0.020010822070132873	1645.7235482397423
0.020010951582048846	1645.7234269843045
0.020011082140262496	1645.7233060965264
0.020011213742547954	1645.7231855990553
0.02001134638638428	1645.7230655147403
0.020011480068949913	1645.7229458666268
0.020011614787117105	1645.7228266779537
0.020011750537446416	1645.7227079721467
0.020011887316181226	1645.7225897728163
0.02001202511924227	1645.7224721037508
0.020012163942222192	1645.7223549889125
0.020012303780380145	1645.7222384524325
0.02001244462863646	1645.7221225186054
0.020012586481567337	1645.7220072118828
0.020012729333399586	1645.721892556869
0.020012873178005444	1645.7217785783153
0.02001301800889743	1645.721665301113
0.020013163819223283	1645.721552750288
0.020013310601760998	1645.7214409509957
0.020013458348913882	1645.721329928512
0.02001360705270574	1645.7212197082292
0.020013756704776127	1645.7211103156476
0.020013907296375713	1645.7210017763703
0.020014058818361727	1645.720894116095
0.020014211261193536	1645.7207873606073
0.020014364614928296	1645.7206815357733
0.020014518869216753	1645.720576667532
0.020014674013299164	1645.7204727818885
0.020014830036001314	1645.7203699049046
0.020014986925730713	1645.7202680626929
0.020015144670472895	1645.720167281408
0.020015303257787893	1645.720067587237
0.02001546267480684	1645.7199690063944
0.020015622908228767	1645.7198715651095
0.020015783944317505	1645.7197752896216
0.020015945768898803	1645.7196802061687
0.020016108367357607	1645.7195863409809
0.02001627172463554	1645.7194937202687
0.020016435825228527	1645.7194023702164
0.02001660065318464	1645.7193123169723
0.02001676619210216	1645.7192235866382
0.02001693242512779	1645.719136205261
0.020017099334955143	1645.7190501988237
0.02001726690382339	1645.7189655932334
0.020017435113516165	1645.718882414315
0.020017603945360687	1645.7188006877984
0.020017773380227102	1645.7187204393103
0.020017943398528058	1645.7186416943637
0.020018113980218574	1645.7185644783467
0.020018285104796092	1645.7184888165143
0.02001845675130082	1645.718414733977
0.020018628898316317	1645.71834225569
0.020018801523970346	1645.718271406444
0.02001897460593599	1645.7182022108532
0.020019148121433048	1645.7181346933467
0.020019322047229702	1645.7180688781564
0.020019496359644454	1645.7180047893078
0.02001967103454836	1645.7179424506069
0.020019846047367548	1645.7178818856316
0.020020021373086037	1645.7178231177213
0.020020196986248812	1645.7177661699639
0.020020372860965262	1645.7177110651876
0.02002054897091285	1645.717657825948
0.02002072528934113	1645.7176064745183
0.020020901789076076	1645.7175570328798
0.020021078442524664	1645.717509522708
0.02002125522167985	1645.717463965365
0.02002143209812578	1645.7174203818872
0.020021609043043367	1645.717378792974
0.02002178602721615	1645.7173392189789
0.020021963021036517	1645.7173016798972
0.02002213999451219	1645.7172661953573
0.020022316917273048	1645.7172327846074
0.020022493758578293	1645.717201466508
0.02002267048732392	1645.7171722595199
0.02002284707205048	1645.7171451816935
0.020023023480951196	1645.71712025066
0.020023199681880398	1645.7170974836204
0.020023375642362246	1645.7170768973347
0.02002355132959977	1645.717058508114
0.020023726710484264	1645.717042331809
0.020023901751604956	1645.7170283838
0.020024076419258987	1645.7170166789895
0.0200242506794617	1645.7170072317908
0.02002442449795724	1645.7170000561186
0.020024597840229464	1645.7169951653816
0.020024770671513127	1645.716992572471
0.02002494295680535	1645.7169922897542
0.020025114660877415	1645.716994329064
0.02002528574828682	1645.7169987016923
0.02002545618338961	1645.7170054183796
0.02002562593035298	1645.717014489308
0.020025794953168172	1645.7170259240927
0.020025963215663602	1645.717039731776
0.02002613068151826	1645.7170559208168
0.020026297314275365	1645.717074499086
0.02002646307735625	1645.7170954738588
0.020026627934074486	1645.7171188518062
0.020026791847650237	1645.71714463899
0.020026954781224834	1645.717172840857
0.020027116697875574	1645.7172034622313
0.02002727756063071	1645.7172365073093
0.020027437332484625	1645.7172719796538
0.02002759597641322	1645.7173098821881
0.02002775345538948	1645.7173502171927
0.02002790973239916	1645.7173929862997
0.020028064770456717	1645.717438190487
0.020028218532621298	1645.7174858300755
0.020028370982012933	1645.7175359047249
0.020028522081828832	1645.7175884134297
0.020028671795359786	1645.7176433545171
0.020028820086006708	1645.717700725642
0.02002896691729725	1645.7177605237862
0.020029112252902496	1645.7178227452546
0.020029256056653753	1645.7178873856737
0.020029398292559376	1645.71795443999
0.020029538924821674	1645.7180239024683
0.020029677917853827	1645.7180957666903
0.020029815236296836	1645.7181700255549
0.02002995084503649	1645.7182466712766
0.02003008470922034	1645.7183256953865
0.020030216794274656	1645.718407088731
0.020030347065921356	1645.7184908414738
0.020030475490194884	1645.7185769430957
0.020030602033459084	1645.7186653823974
0.020030726662423975	1645.7187561474996
0.020030849344162445	1645.7188492258454
0.020030970046126882	1645.718944604202
0.020031088736165704	1645.7190422686651
0.020031205382539753	1645.7191422046603
0.02003131995393858	1645.7192443969466
0.020031432419496568	1645.7193488296205
0.020031542748808927	1645.7194554861192
0.020031650911947533	1645.7195643492269
0.02003175687947654	1645.719675401077
0.02003186062246787	1645.7197886231586
0.020031962112516424	1645.7199039963216
0.02003206132175513	1645.7200215007827
0.020032158222869748	1645.72014111613
0.020032252789113428	1645.7202628213315
0.020032344994321032	1645.7203865947406
0.020032434812923165	1645.7205124141021
0.020032522219959954	1645.720640256562
0.020032607191094523	1645.7207700986735
0.02003268970262618	1645.7209019164054
0.020032769731503274	1645.7210356851497
0.020032847255335773	1645.7211713797315
0.020032922252407447	1645.7213089744164
0.020032994701687776	1645.7214484429219
0.020033064582843433	1645.7215897584238
0.020033131876249482	1645.7217328935678
0.020033196563000132	1645.7218778204806
0.02003325862491916	1645.7220245107776
0.02003331804456992	1645.7221729355758
0.020033374805264945	1645.7223230655031
0.020033428891075185	1645.7224748707104
0.020033480286838764	1645.7226283208815
0.020033528978169356	1645.7227833852464
0.02003357495146414	1645.7229400325928
0.02003361819391126	1645.723098231277
0.02003365869349693	1645.7232579492377
0.020033696439011994	1645.723419154007
0.020033731420058088	1645.723581812724
0.020033763627053336	1645.723745892148
0.02003379305123757	1645.7239113586702
0.020033819684677066	1645.7240781783285
0.020033843520268824	1645.7242463168202
0.020033864551744374	1645.7244157395148
0.02003388277367307	1645.7245864114693
0.020033898181464935	1645.724758297441
0.020033910771373	1645.724931361903
0.020033920540495135	1645.7251055690547
0.020033927486775453	1645.7252808828403
0.02003393160900514	1645.7254572669608
0.02003393290682286	1645.72563468489
0.02003393138071462	1645.7258130998875
0.02003392703201318	1645.7259924750133
0.02003391986289694	1645.7261727731438
0.020033909876388357	1645.7263539569865
0.020033897076351885	1645.7265359890935
0.020033881467491375	1645.7267188318776
0.020033863055347066	1645.7269024476268
0.02003384184629203	1645.7270867985192
0.02003381784752816	1645.7272718466372
0.02003379106708172	1645.727457553984
0.020033761513798362	1645.7276438824983
0.020033729197337726	1645.7278307940678
0.020033694128167547	1645.728018250545
0.020033656317557352	1645.7282062137622
0.020033615777571654	1645.728394645546
0.02003357252106273	1645.728583507733
0.020033526561662983	1645.7287727621829
0.02003347791377683	1645.7289623707952
0.020033426592572203	1645.7291522955213
0.020033372613971617	1645.7293424983814
0.02003331599464285	1645.7295329414774
0.020033256751989196	1645.7297235870076
0.020033194904139365	1645.7299143972805
0.020033130469936978	1645.7301053347298
0.020033063468929697	1645.7302963619277
0.020032993921357996	1645.7304874415984
0.020032921848143585	1645.7306785366327
0.02003284727087748	1645.7308696101
0.02003277021180775	1645.7310606252634
0.02003269069382696	1645.731251545591
0.020032608740459264	1645.7314423347705
0.020032524375847252	1645.731632956721
0.020032437624738476	1645.7318233756057
0.020032348512471685	1645.732013555845
0.020032257064962863	1645.7322034621282
0.020032163308690933	1645.732393059425
0.020032067270683292	1645.7325823129986
0.020031968978501073	1645.7327711884154
0.020031868460224207	1645.7329596515576
0.020031765744436304	1645.7331476686343
0.02003166086020929	1645.733335206192
0.020031553837087917	1645.7335222311256
0.02003144470507409	1645.7337087106887
0.020031333494611055	1645.7338946125024
0.020031220236567403	1645.7340799045667
0.020031104962221012	1645.73426455527
0.02003098770324283	1645.7344485333974
0.020030868491680554	1645.7346318081406
0.020030747359942255	1645.7348143491072
0.0200306243407799	1645.7349961263265
0.02003049946727283	1645.735177110261
0.020030372772811153	1645.7353572718134
0.020030244291079156	1645.7355365823335
0.020030114056038637	1645.7357150136247
0.020029982101912237	1645.735892537954
0.020029848463166813	1645.736069128056
0.020029713174496745	1645.73624475714
0.02002957627080737	1645.7364193988983
0.02002943778719832	1645.7365930275091
0.020029297758947052	1645.736765617644
0.02002915622149232	1645.7369371444731
0.020029013210417772	1645.737107583669
0.02002886876143562	1645.737276911413
0.0200287229103704	1645.7374451043977
0.020028575693142845	1645.737612139833
0.02002842714575385	1645.7377779954488
0.020028277304268587	1645.7379426494995
0.020028126204800722	1645.738106080766
0.020027973883496832	1645.7382682685588
0.02002782037652089	1645.7384291927226
0.020027665720039004	1645.7385888336353
0.020027509950204282	1645.7387471722138
0.020027353103141857	1645.7389041899135
0.020027195214934183	1645.7390598687298
0.020027036321606403	1645.7392141911996
0.020026876459112063	1645.7393671404036
0.020026715663318935	1645.7395186999659
0.02002655396999512	1645.7396688540532
0.02002639141479535	1645.7398175873768
0.02002622803324753	1645.7399648851924
0.020026063860739546	1645.7401107332987
0.020025898932506288	1645.7402551180373
0.020025733283616957	1645.7403980262918
0.020025566948962608	1645.7405394454859
0.020025399963243967	1645.740679363584
0.020025232360959534	1645.740817769087
0.020025064176393936	1645.7409546510326
0.020024895443606583	1645.7410899989918
0.02002472619642058	1645.7412238030668
0.020024556468411947	1645.7413560538891
0.020024386292899137	1645.7414867426162
0.020024215702932814	1645.7416158609287
0.020024044731285988	1645.7417434010265
0.020023873410444367	1645.741869355627
0.02002370177259709	1645.7419937179584
0.020023529849627703	1645.7421164817601
0.020023357673105483	1645.7422376412756
0.02002318527427704	1645.7423571912489
0.020023012684058258	1645.7424751269211
0.020022839933026487	1645.7425914440244
0.020022667051413114	1645.742706138778
0.020022494069096394	1645.7428192078842
0.0200223210155946	1645.7429306485221
0.02002214792005951	1645.743040458342
0.020021974811270143	1645.7431486354628
0.020021801717626856	1645.7432551784623
0.020021628667145738	1645.7433600863756
0.020021455687453265	1645.7434633586868
0.020021282805781318	1645.7435649953245
0.020021110048962454	1645.7436649966542
0.020020937443425514	1645.7437633634745
0.020020765015191486	1645.7438600970088
0.020020592789869698	1645.7439551989003
0.020020420792654293	1645.7440486712042
0.020020249048320962	1645.744140516383
0.02002007758122401	1645.744230737298
0.020019906415293665	1645.744319337205
0.02001973557403368	1645.7444063197445
0.020019565080519205	1645.7444916889378
0.020019394957394965	1645.7445754491778
0.02001922522687363	1645.7446576052237
0.020019055910734503	1645.7447381621928
0.02001888703032245	1645.7448171255546
0.020018718606547106	1645.7448945011226
0.020018550659882284	1645.7449702950476
0.020018383210365653	1645.7450445138109
0.02001821627759867	1645.7451171642165
0.020018049880746732	1645.7451882533842
0.020017884038539532	1645.7452577887416
0.020017718769271695	1645.7453257780182
0.02001755409080358	1645.745392229238
0.020017390020562346	1645.7454571507096
0.020017226575543164	1645.7455205510225
0.020017063772310682	1645.745582439038
0.020016901627000684	1645.745642823881
0.020016740155321906	1645.7457017149352
0.02001657937255808	1645.7457591218335
0.020016419293570134	1645.7458150544528
0.020016259932798576	1645.7458695229038
0.02001610130426604	1645.7459225375271
0.020015943421580022	1645.7459741088842
0.02001578629793573	1645.7460242477507
0.020015629946119128	1645.7460729651095
0.0200154743785101	1645.7461202721431
0.02001531960708578	1645.7461661802265
0.02001516564342401	1645.7462107009214
0.020015012498706894	1645.7462538459679
0.02001486018372453	1645.7462956272786
0.020014708708878847	1645.7463360569316
0.02001455808418752	1645.7463751471623
0.020014408319288038	1645.7464129103587
0.020014259423441854	1645.746449359054
0.02001411140553862	1645.7464845059194
0.020013964274100578	1645.746518363758
0.020013818037286923	1645.7465509454987
0.020013672702898385	1645.7465822641898
0.020013528278381768	1645.7466123329918
0.020013384770834627	1645.7466411651715
0.02001324218701002	1645.7466687740966
0.020013100533321244	1645.7466951732285
0.020012959815846745	1645.7467203761182
0.02001282004033497	1645.7467443963963
0.020012681212209334	1645.746767247773
0.020012543336573235	1645.7467889440265
0.020012406418215032	1645.7468094990015
0.020012270461613146	1645.7468289266014
0.02001213547094114	1645.7468472407838
0.02001200145007286	1645.7468644555534
0.020011868402587542	1645.7468805849605
0.020011736331775	1645.7468956430912
0.020011605240640787	1645.7469096440648
0.02001147513191139	1645.746922602028
0.0200113460080394	1645.7469345311504
0.020011217871208728	1645.7469454456193
0.020011090723339786	1645.7469553596343
0.020010964566094674	1645.7469642874044
0.020010839400882354	1645.7469722431408
0.02001071522886384	1645.746979241055
0.020010592050957343	1645.7469852953523
0.020010469867843408	1645.746990420229
0.02001034867997004	1645.746994629867
0.02001022848755779	1645.7469979384298
0.02001010929060486	1645.7470003600597
0.020009991088892114	1645.747001908872
0.020009873881988112	1645.7470025989533
0.020009757669254096	1645.747002444355
0.020009642449848923	1645.747001459092
0.020009528222733997	1645.7469996571383
0.020009414986678138	1645.746997052423
0.02000930274026239	1645.746993658827
0.020009191481884857	1645.7469894901808
0.020009081209765422	1645.7469845602604
0.02000897192195044	1645.7469788827834
0.02000886361631741	1645.7469724714078
0.020008756290579563	1645.7469653397275
0.020008649942290423	1645.74695750127
0.02000854456884831	1645.746948969493
0.020008440167500773	1645.7469397577831
0.020008336735349016	1645.7469298794522
0.02000823426935221	1645.7469193477348
0.020008132766331763	1645.7469081757863
0.02000803222297559	1645.7468963766798
0.020007932635842246	1645.7468839634046
0.02000783400136504	1645.746870948863
0.020007736315856072	1645.7468573458696
0.020007639575510258	1645.7468431671473
0.02000754377640922	1645.7468284253277
0.02000744891452518	1645.746813132947
0.020007354985724743	1645.7467973024459
0.02000726198577267	1645.7467809461668
0.02000716991033554	1645.7467640763525
0.020007078754985363	1645.746746705144
0.020006988515203144	1645.7467288445805
0.020006899186382394	1645.746710506597
0.02000681076383254	1645.746691703022
0.0200067232427823	1645.7466724455774
0.020006636618383	1645.7466527458776
0.020006550885711804	1645.7466326154265
0.02000646603977491	1645.746612065618
0.02000638207551066	1645.7465911077352
0.020006298987792593	1645.7465697529478
0.020006216771432463	1645.7465480123124
0.02000613542118314	1645.746525896771
0.02000605493174153	1645.7465034171505
0.020005975297751336	1645.7464805841619
0.020005896513805854	1645.7464574084001
0.02000581857445065	1645.746433900342
0.02000574147418618	1645.7464100703473
0.020005665207470394	1645.7463859286572
0.020005589768721237	1645.746361485394
0.020005515152319103	1645.7463367505595
0.02000544135260926	1645.7463117340383
0.020005368363904177	1645.7462864455927
0.02000529618048581	1645.7462608948658
0.020005224796607848	1645.7462350913797
0.020005154206497906	1645.7462090445365
0.020005084404359635	1645.7461827636164
0.020005015384374786	1645.7461562577796
0.02000494714070526	1645.7461295360645
0.020004879667495045	1645.7461026073886
0.020004812958872166	1645.7460754805486
0.020004747008950535	1645.7460481642197
0.02000468181183177	1645.7460206669568
0.020004617361606972	1645.745992997193
0.020004553652358453	1645.7459651632423
0.02000449067816139	1645.7459371732966
0.020004428433085468	1645.7459090354291
0.020004366911196468	1645.745880757592
0.020004306106557793	1645.7458523476184
0.02000424601323196	1645.7458238132215
0.020004186625282066	1645.7457951619967
0.02000412793677319	1645.7457664014198
0.020004069941773762	1645.7457375388492
0.020004012634356864	1645.7457085815254
0.020003956008601546	1645.745679536571
0.020003900058594072	1645.745650410993
0.020003844778429102	1645.7456212116815
0.020003790162210888	1645.745591945412
0.02000373620405438	1645.7455626188432
0.020003682898086357	1645.7455332385218
0.02000363023844646	1645.7455038108785
0.02000357821928822	1645.7454743422313
0.02000352683478007	1645.745444838786
0.02000347607910627	1645.7454153066371
0.020003425946467864	1645.7453857517671
0.02000337643108356	1645.7453561800485
0.02000332752719061	1645.7453265972438
0.0200032792290456	1645.7452970090071
0.0200032315309253	1645.7452674208837
0.020003184427127407	1645.745237838312
0.020003137911971322	1645.7452082666236
0.020003091979798826	1645.7451787110447
0.020003046624974805	1645.7451491766958
0.02000300184188789	1645.7451196685938
0.02000295762495111	1645.7450901916518
0.02000291396860251	1645.7450607506817
0.020002870867305726	1645.7450313503925
0.02000282831555055	1645.7450019953937
0.020002786307853487	1645.7449726901943
0.02000274483875826	1645.7449434392051
0.020002703902836313	1645.744914246738
0.02000266349468727	1645.7448851170084
0.02000262360893942	1645.744856054136
0.02000258424025012	1645.7448270621455
0.020002545383306234	1645.744798144966
0.020002507032824506	1645.7447693064344
0.020002469183551946	1645.7447405502953
0.020002431830266183	1645.7447118802022
0.0200023949677758	1645.7446832997177
0.02000235859092068	1645.7446548123155
0.020002322694572278	1645.7446264213797
0.02000228727363394	1645.7445981302087
0.02000225232304114	1645.744569942013
0.020002217837761772	1645.7445418599182
0.020002183812796365	1645.7445138869648
0.020002150243178318	1645.744486026111
0.020002117123974126	1645.7444582802316
0.020002084450283553	1645.7444306521202
0.02000205221723985	1645.744403144489
0.020002020420009897	1645.7443757599724
0.020001989053794366	1645.7443485011247
0.02000195811382789	1645.744321370423
0.02000192759537917	1645.7442943702683
0.020001897493751114	1645.7442675029856
0.020001867804280957	1645.7442407708256
0.020001838522340342	1645.7442141759655
0.020001809643335415	1645.7441877205097
0.02000178116270691	1645.7441614064903
0.02000175307593022	1645.7441352358705
0.02000172537851545	1645.744109210542
0.02000169806600747	1645.7440833323292
0.020001671133985956	1645.7440576029883
0.020001644578065438	1645.7440320242088
0.02000161839389529	1645.7440065976143
0.020001592577159766	1645.7439813247647
0.02000156712357802	1645.7439562071545
0.02000154202890408	1645.7439312462166
0.02000151728892685	1645.743906443322
0.02000149289947011	1645.74388179978
0.02000146885639246	1645.7438573168404
0.020001445155587296	1645.7438329956942
0.020001421792982824	1645.7438088374743
0.020001398764541947	1645.7437848432558
0.020001376066262257	1645.7437610140587
0.020001353694175977	1645.7437373508474
0.02000133164434988	1645.7437138545315
0.020001309912885238	1645.7436905259672
0.02000128849591775	1645.743667365959
0.020001267389617453	1645.7436443752583
0.02000124659018864	1645.7436215545677
0.0200012260938698	1645.7435989045384
0.02000120589693348	1645.7435764257739
0.02000118599568622	1645.7435541188286
0.020001166386468434	1645.74353198421
0.02000114706565432	1645.74351002238
0.02000112802965172	1645.7434882337536
0.020001109274902045	1645.7434666187032
0.020001090797880115	1645.743445177556
0.02000107259509407	1645.7434239105962
0.020001054663085223	1645.7434028180671
0.020001036998427948	1645.74338190017
0.020001019597729514	1645.7433611570657
0.02000100245762999	1645.7433405888753
0.02000098557480208	1645.743320195682
0.020000968945950978	1645.7432999775292
0.02000095256781423	1645.7432799344256
0.020000936437161585	1645.743260066342
0.020000920550794846	1645.7432403732132
0.020000904905547713	1645.7432208549399
0.02000088949828562	1645.7432015113884
0.02000087432590559	1645.7431823423915
0.02000085938533606	1645.7431633477493
0.02000084467353672	1645.7431445272305
0.02000083018749835	1645.7431258805727
0.020000815924242653	1645.7431074074823
0.02000080188082209	1645.743089107637
0.020000788054319703	1645.7430709806847
0.020000774441848928	1645.7430530262452
0.020000761040553445	1645.743035243911
0.020000747847606977	1645.7430176332473
0.020000734860213133	1645.7430001937933
0.020000722075605208	1645.7429829250623
0.020000709491046015	1645.7429658265428
0.0200006971038277	1645.7429488976995
0.020000684911271552	1645.742932137973
0.020000672910727817	1645.7429155467808
0.020000661099575528	1645.7428991235183
0.020000649475222294	1645.7428828675595
0.02000063803510411	1645.7428667782563
0.020000626776685217	1645.7428508549408
0.020000615697457834	1645.7428350969253
0.020000604794942027	1645.7428195035022
0.020000594066685484	1645.7428040739458
0.020000583510263337	1645.7427888075115
0.02000057312327798	1645.7427737034375
0.020000562903358828	1645.742758760945
0.020000552848162177	1645.742743979238
0.020000542955370976	1645.742729357506
0.02000053322269464	1645.742714894922
0.020000523647868845	1645.742700590644
0.02000051422865535	1645.7426864438162
0.020000504962841767	1645.742672453568
0.020000495848241418	1645.7426586190163
0.020000486882693083	1645.742644939265
0.020000478064060825	1645.7426314134052
0.020000469390233776	1645.742618040517
0.020000460859125976	1645.7426048196678
0.02000045246867613	1645.7425917499147
0.020000444216847442	1645.7425788303049
0.02000043610162739	1645.7425660598742
0.020000428121027557	1645.7425534376498
0.020000420273083394	1645.7425409626485
0.020000412555854056	1645.7425286338803
0.0200004049674222	1645.7425164503456
0.020000397505893764	1645.7425044110366
0.020000390169397787	1645.7424925149392
0.020000382956086207	1645.7424807610305
0.020000375864133668	1645.7424691482827
0.020000368891737303	1645.7424576756605
0.02000036203711655	1645.7424463421228
0.02000035529851298	1645.7424351466234
0.020000348674190052	1645.7424240881105
0.020000342162432957	1645.7424131655275
0.020000335761548405	1645.7424023778137
0.020000329469864426	1645.742391723903
0.02000032328573019	1645.7423812027268
0.020000317207515796	1645.7423708132123
0.0200003112336121	1645.7423605542847
0.020000305362430488	1645.7423504248643
0.020000299592402713	1645.7423404238707
0.020000293921980695	1645.7423305502205
0.020000288349636335	1645.7423208028283
0.020000282873861304	1645.7423111806072
0.020000277493166872	1645.7423016824696
0.020000272206083716	1645.7422923073257
0.02000026701116172	1645.7422830540856
0.02000026190696981	1645.7422739216588
0.02000025689209574	1645.742264908954
0.02000025196514592	1645.7422560148807
0.020000247124745234	1645.7422472383487
0.020000242369536833	1645.7422385782675
0.02000023769818198	1645.7422300335481
0.020000233109359854	1645.7422216031025
0.02000022860176735	1645.7422132858428
0.020000224174118928	1645.742205080684
0.020000219825146423	1645.7421969865416
0.02000021555359885	1645.7421890023331
0.020000211358242235	1645.7421811269796
0.020000207237859443	1645.7421733594022
0.020000203191249986	1645.742165698526
0.020000199217229866	1645.742158143278
0.02000019531463138	1645.742150692588
0.020000191482302955	1645.7421433453899
0.020000187719108983	1645.7421361006204
0.020000184023929637	1645.7421289572183
0.020000180395660695	1645.7421219141272
0.020000176833213378	1645.7421149702943
0.020000173335514192	1645.7421081246703
0.020000169901504737	1645.7421013762098
0.020000166530141552	1645.7420947238725
0.02000016322039595	1645.7420881666214
0.020000159971253838	1645.7420817034244
0.020000156781715583	1645.7420753332538
0.020000153650795816	1645.742069055087
0.020000150577523287	1645.7420628679058
0.020000147560940703	1645.7420567706972
0.020000144600104568	1645.7420507624531
0.02000014169408501	1645.7420448421706
0.02000013884196566	1645.7420390088525
0.020000136042843453	1645.7420332615068
0.02000013329582849	1645.7420275991474
0.020000130600043894	1645.7420220207928
0.020000127954625652	1645.7420165254678
0.02000012535872244	1645.742011112203
0.0200001228114955	1645.7420057800355
0.020000120312118484	1645.7420005280076
0.02000011785977729	1645.741995355167
0.02000011545366994	1645.74199026057
0.020000113093006415	1645.7419852432768
0.020000110777008508	1645.741980302354
0.020000108504909693	1645.7419754368757
0.020000106275954974	1645.7419706459223
0.020000104089400752	1645.7419659285797
0.02000010194451466	1645.7419612839412
0.020000099840575457	1645.7419567111062
0.02000009777687286	1645.741952209181
0.02000009575270743	1645.7419477772785
0.020000093767390426	1645.7419434145183
0.02000009182024366	1645.741939120027
0.02000008991059938	1645.7419348929377
0.02000008803780013	1645.741930732391
0.020000086201198627	1645.7419266375332
0.020000084400157617	1645.741922607519
0.020000082634049753	1645.7419186415086
0.020000080902257463	1645.7419147386704
0.02000007920417283	1645.7419108981792
0.02000007753919746	1645.7419071192166
0.020000075906742364	1645.7419034009722
0.02000007430622783	1645.7418997426414
0.020000072737083305	1645.741896143428
0.020000071198747263	1645.7418926025418
0.020000069690667106	1645.7418891192003
0.02000006821229902	1645.7418856926286
0.02000006676310789	1645.7418823220578
0.02000006534256714	1645.7418790067263
0.020000063950158655	1645.7418757458804
0.020000062585372663	1645.7418725387736
0.020000061247707597	1645.7418693846655
0.02000005993667	1645.7418662828234
0.020000058651774413	1645.741863232522
0.020000057392543274	1645.7418602330429
0.020000056158506793	1645.7418572836752
0.02000005494920285	1645.7418543837143
0.020000053764176903	1645.7418515324632
0.020000052602981856	1645.741848729232
0.020000051465177984	1645.7418459733378
0.020000050350332803	1645.741843264105
0.020000049258020992	1645.7418406008642
0.02000004818782427	1645.7418379829544
0.02000004713933132	1645.7418354097201
0.020000046112137668	1645.7418328805143
0.020000045105845597	1645.741830394696
0.020000044120064054	1645.7418279516312
0.020000043154408533	1645.7418255506927
0.020000042208501014	1645.741823191261
0.020000041281969853	1645.7418208727224
0.020000040374449676	1645.7418185944714
0.020000039485581312	1645.741816355908
0.020000038615011685	1645.7418141564392
0.020000037762393726	1645.7418119954796
0.020000036927386305	1645.7418098724493
0.02000003610965411	1645.741807786776
0.0200000353088676	1645.7418057378936
0.020000034524702878	1645.741803725243
0.02000003375684165	1645.7418017482714
0.0200000330049711	1645.7417998064323
0.020000032268783836	1645.7417978991862
0.020000031547977803	1645.741796026
0.020000030842256194	1645.741794186347
0.02000003015132738	1645.7417923797063
0.020000029474904823	1645.7417906055643
0.02000002881270702	1645.7417888634131
0.020000028164457385	1645.7417871527518
0.020000027529884216	1645.741785473084
0.020000026908720603	1645.7417838239212
0.020000026300704347	1645.7417822047805
0.0200000257055779	1645.7417806151852
0.02000002512308828	1645.7417790546642
0.02000002455298702	1645.741777522753
0.020000023995030064	1645.7417760189924
0.020000023448977746	1645.7417745429304
0.020000022914594677	1645.7417730941193
0.0200000223916497	1645.741771672118
0.020000021879915824	1645.741770276491
0.02000002137917014	1645.7417689068086
0.020000020889193778	1645.741767562647
0.02000002040977184	1645.7417662435882
0.020000019940693316	1645.7417649492193
0.02000001948175105	1645.7417636791326
0.020000019032741657	1645.741762432927
0.02000001859346547	1645.7417612102063
0.020000018163726478	1645.7417600105791
0.02000001774333228	1645.7417588336607
0.020000017332094007	1645.7417576790704
0.020000016929826274	1645.7417565464334
0.020000016536347122	1645.7417554353801
0.02000001615147796	1645.741754345546
0.02000001577504352	1645.741753276572
0.020000015406871782	1645.7417522281032
0.020000015046793947	1645.7417511997905
0.020000014694644352	1645.741750191289
0.020000014350260453	1645.7417492022603
0.020000014013482743	1645.7417482323692
0.020000013684154723	1645.7417472812863
0.02000001336212283	1645.741746348686
0.020000013047236413	1645.7417454342485
0.020000012739347664	1645.741744537658
0.020000012438311583	1645.7417436586034
0.020000012143985918	1645.7417427967782
0.020000011856231133	1645.741741951881
0.02000001157491035	1645.7417411236142
0.020000011299889306	1645.7417403116845
0.020000011031036314	1645.7417395158034
0.020000010768222214	1645.7417387356866
0.020000010511320332	1645.7417379710546
0.020000010260206435	1645.741737221631
0.02000001001475869	1645.7417364871449
0.02000000977485762	1645.7417357673287
0.02000000954038607	1645.7417350619191
0.020000009311229153	1645.7417343706563
0.020000009087274232	1645.7417336932854
0.020000008868410864	1645.7417330295552
0.020000008654530756	1645.741732379218
0.020000008445527757	1645.7417317420309
0.02000000824129778	1645.7417311177535
0.020000008041738793	1645.7417305061495
0.02000000784675078	1645.7417299069868
0.020000007656235698	1645.7417293200378
0.020000007470097437	1645.7417287450767
0.020000007288241802	1645.741728181882
0.02000000711057647	1645.7417276302358
0.02000000693701095	1645.7417270899246
0.02000000676745656	1645.7417265607369
0.020000006601826385	1645.741726042465
0.020000006440035262	1645.7417255349053
0.020000006281999733	1645.7417250378567
0.020000006127638012	1645.741724551122
0.020000005976869965	1645.7417240745071
0.020000005829617074	1645.7417236078202
0.020000005685802413	1645.741723150874
0.020000005545350613	1645.7417227034837
0.020000005408187832	1645.7417222654672
0.02000000527424173	1645.741721836646
0.020000005143441444	1645.7417214168445
0.020000005015717564	1645.7417210058898
0.020000004891002086	1645.7417206036116
0.020000004769228412	1645.7417202098436
0.02000000465033131	1645.7417198244211
0.020000004534246888	1645.7417194471834
0.020000004420912567	1645.741719077971
0.020000004310267067	1645.7417187166286
0.020000004202250378	1645.7417183630027
0.020000004096803727	1645.741718016943
0.020000003993869562	1645.7417176783008
0.020000003893391533	1645.7417173469316
0.02000000379531447	1645.7417170226918
0.020000003699584344	1645.741716705441
0.020000003606148266	1645.7417163950413
0.02000000351495445	1645.7417160913574
0.0200000034259522	1645.7417157942557
0.020000003339091885	1645.7417155036062
0.02000000325432493	1645.7417152192795
0.02000000317160377	1645.74171494115
0.02000000309088186	1645.7417146690932
0.02000000301211364	1645.7417144029873
0.020000002935254505	1645.741714142713
0.02000000286026082	1645.7417138881528
0.020000002787089865	1645.7417136391914
0.020000002715699832	1645.7417133957158
0.02000000264604982	1645.741713157614
0.020000002578099793	1645.7417129247776
0.02000000251181058	1645.7417126970988
0.020000002447143853	1645.741712474473
0.0200000023840621	1645.7417122567958
0.02000000232252863	1645.741712043967
0.020000002262507546	1645.7417118358862
0.020000002203963724	1645.7417116324557
0.020000002146862803	1645.7417114335806
0.020000002091171167	1645.7417112391654
0.02000000203685594	1645.7417110491185
0.02000000198388496	1645.7417108633492
0.02000000193222676	1645.7417106817686
0.020000001881850575	1645.741710504289
0.020000001832726308	1645.7417103308246
0.02000000178482452	1645.7417101612923
0.02000000173811643	1645.741709995609
0.02000000169257388	1645.741709833694
0.020000001648169344	1645.7417096754673
0.020000001604875906	1645.7417095208516
0.020000001562667236	1645.7417093697711
0.02000000152151759	1645.7417092221501
0.020000001481401807	1645.741709077915
0.020000001442295284	1645.7417089369944
0.02000000140417396	1645.7417087993176
0.020000001367014315	1645.741708664815
0.020000001330793358	1645.7417085334187
0.02000000129548862	1645.7417084050621
0.020000001261078124	1645.7417082796799
0.020000001227540396	1645.7417081572084
0.020000001194854445	1645.7417080375849
0.02000000116299975	1645.7417079207473
0.02000000113195626	1645.741707806635
0.02000000110170437	1645.7417076951895
0.02000000107222494	1645.7417075863525
0.02000000104349925	1645.7417074800674
0.020000001015509	1645.7417073762776
0.020000000988236323	1645.7417072749295
0.020000000961663753	1645.7417071759694
0.020000000935774215	1645.741707079345
0.020000000910551045	1645.7417069850046
0.02000000088597795	1645.7417068928985
0.02000000086203902	1645.7417068029768
0.020000000838718696	1645.7417067151907
0.02000000081600179	1645.7417066294934
0.020000000793873467	1645.741706545839
0.020000000772319237	1645.7417064641813
0.020000000751324933	1645.7417063844764
0.02000000073087673	1645.7417063066798
0.02000000071096112	1645.7417062307493
0.02000000069156491	1645.7417061566432
0.020000000672675218	1645.7417060843202
0.020000000654279454	1645.7417060137407
0.02000000063636534	1645.7417059448646
0.020000000618920873	1645.741705877654
0.02000000060193433	1645.7417058120716
0.020000000585394275	1645.7417057480798
0.020000000569289536	1645.7417056856425
0.020000000553609204	1645.7417056247243
0.02000000053834263	1645.7417055652909
0.02000000052347942	1645.7417055073079
0.020000000509009415	1645.7417054507428
0.020000000494922714	1645.741705395563
0.02000000048120965	1645.7417053417369
0.020000000467860768	1645.7417052892326
0.020000000454866856	1645.7417052380204
0.02000000044221892	1645.7417051880695
0.02000000042990818	1645.7417051393516
0.020000000417926055	1645.7417050918375
0.020000000406264193	1645.7417050454994
0.02000000039491443	1645.7417050003098
0.020000000383868802	1645.7417049562425
0.020000000373119536	1645.7417049132714
0.020000000362659046	1645.741704871371
0.020000000352479924	1645.7417048305156
0.020000000342574955	1645.7417047906808
0.02000000033293709	1645.741704751843
0.02000000032355945	1645.741704713978
0.020000000314435343	1645.7417046770634
0.02000000030555821	1645.741704641077
0.020000000296921682	1645.7417046059961
0.020000000288519525	1645.7417045717993
0.02000000028034567	1645.7417045384661
0.020000000272394187	1645.7417045059756
0.020000000264659295	1645.7417044743077
0.020000000257135362	1645.7417044434428
0.020000000249816893	1645.7417044133624
0.02000000024269853	1645.7417043840471
0.020000000235775032	1645.741704355479
0.020000000229041307	1645.7417043276398
0.020000000222492386	1645.7417043005125
0.020000000216123418	1645.7417042740792
0.020000000209929675	1645.7417042483232
0.020000000203906545	1645.7417042232285
0.020000000198049532	1645.7417041987783
0.02000000019235426	1645.7417041749582
0.02000000018681646	1645.741704151752
0.020000000181431946	1645.7417041291444
0.020000000176196683	1645.7417041071212
0.020000000171106702	1645.7417040856683
0.020000000166158147	1645.7417040647713
0.020000000161347252	1645.741704044417
0.02000000015667036	1645.7417040245916
0.020000000152123887	1645.7417040052826
0.020000000147704356	1645.7417039864768
0.020000000143408376	1645.7417039681623
0.020000000139232633	1645.7417039503268
0.020000000135173914	1645.741703932959
0.020000000131229066	1645.7417039160466
0.02000000012739504	1645.7417038995789
0.020000000123668846	1645.7417038835442
0.02000000012004758	1645.7417038679323
0.020000000116528405	1645.7417038527321
0.02000000011310857	1645.7417038379338
0.02000000010978539	1645.741703823527
0.020000000106556236	1645.7417038095016
0.020000000103418566	1645.7417037958487
0.020000000100369893	1645.7417037825585
0.02000000009740779	1645.7417037696218
0.02000000009452991	1645.7417037570299
0.020000000091733947	1645.7417037447742
0.02000000008901767	1645.7417037328455
0.0200000000863789	1645.7417037212363
0.02000000008381552	1645.7417037099378
0.020000000081325454	1645.7417036989425
0.020000000078906698	1645.7417036882425
0.020000000076557285	1645.7417036778306
0.02000000007427531	1645.7417036676989
0.02000000007205891	1645.7417036578408
0.020000000069906283	1645.7417036482486
0.020000000067815667	1645.741703638916
0.020000000065785343	1645.7417036298361
0.020000000063813646	1645.7417036210024
0.020000000061898948	1645.7417036124086
0.020000000060039665	1645.741703604048
0.020000000058234255	1645.7417035959154
0.020000000056481216	1645.7417035880042
0.0200000000547791	1645.7417035803094
0.02000000005312648	1645.7417035728247
0.020000000051521968	1645.741703565545
0.02000000004996422	1645.7417035584647
0.02000000004845193	1645.7417035515787
0.02000000004698382	1645.7417035448816
0.020000000045558648	1645.7417035383687
0.020000000044175206	1645.7417035320354
0.020000000042832325	1645.7417035258768
0.020000000041528857	1645.7417035198882
0.020000000040263696	1645.7417035140652
0.020000000039035747	1645.7417035084036
0.020000000037843964	1645.7417035028993
0.020000000036687327	1645.7417034975485
0.020000000035564833	1645.741703492347
0.020000000034475513	1645.7417034872906
0.02000000003341842	1645.7417034823754
0.020000000032392648	1645.7417034775979
0.020000000031397295	1645.7417034729542
0.02000000003043149	1645.7417034684406
0.020000000029494397	1645.741703464054
0.020000000028585187	1645.7417034597906
0.02000000002770307	1645.7417034556472
0.02000000002684726	1645.7417034516204
0.020000000026017005	1645.7417034477078
0.020000000025211573	1645.7417034439054
0.020000000024430243	1645.7417034402108
0.02000000002367232	1645.741703436621
0.020000000022937132	1645.7417034331334
0.02000000002222402	1645.7417034297446
0.020000000021532353	1645.7417034264522
0.020000000020861504	1645.7417034232535
0.02000000002021087	1645.7417034201465
0.02000000001957986	1645.7417034171283
0.020000000018967904	1645.7417034141963
0.020000000018374455	1645.7417034113482
0.02000000001779896	1645.7417034085815
0.02000000001724091	1645.7417034058944
0.02000000001669979	1645.7417034032846
0.020000000016175103	1645.7417034007497
0.020000000015666368	1645.741703398288
0.020000000015173113	1645.7417033958975
0.020000000014694888	1645.7417033935762
0.020000000014231252	1645.7417033913218
0.020000000013781778	1645.7417033891327
0.020000000013346047	1645.7417033870072
0.02000000001292365	1645.7417033849435
0.020000000012514195	1645.7417033829402
0.020000000012117304	1645.7417033809952
0.020000000011732598	1645.7417033791066
0.02000000001135972	1645.741703377273
0.020000000010998317	1645.741703375493
0.020000000010648052	1645.741703373765
0.02000000001030859	1645.7417033720874
0.020000000009979608	1645.7417033704594
0.020000000009660797	1645.741703368879
0.020000000009351853	1645.7417033673455
0.020000000009052478	1645.7417033658571
0.020000000008762387	1645.7417033644128
0.020000000008481303	1645.741703363011
0.020000000008208958	1645.741703361651
0.020000000007945086	1645.7417033603306
0.020000000007689433	1645.741703359049
0.02000000000744175	1645.7417033578051
0.0200000000072018	1645.7417033565985
0.02000000000696935	1645.7417033554275
0.02000000000674417	1645.7417033542918
0.02000000000652605	1645.74170335319
0.02000000000631477	1645.7417033521208
0.020000000006110116	1645.7417033510837
0.02000000000591189	1645.7417033500778
0.020000000005719897	1645.741703349102
0.020000000005533952	1645.7417033481556
0.02000000000535387	1645.741703347238
0.02000000000517947	1645.741703346348
0.020000000005010576	1645.7417033454847
0.020000000004847026	1645.7417033446472
0.020000000004688653	1645.7417033438346
0.0200000000045353	1645.7417033430463
0.020000000004386814	1645.741703342282
0.02000000000424304	1645.7417033415409
0.02000000000410384	1645.7417033408221
0.02000000000396907	1645.741703340125
0.020000000003838593	1645.741703339449
0.020000000003712277	1645.7417033387937
0.02000000000358999	1645.7417033381585
0.02000000000347162	1645.741703337542
0.020000000003357034	1645.741703336945
0.020000000003246123	1645.741703336366
0.020000000003138764	1645.741703335805
0.02000000000303485	1645.741703335261
0.020000000002934278	1645.7417033347335
0.020000000002836936	1645.7417033342226
0.020000000002742734	1645.7417033337274
0.020000000002651567	1645.7417033332474
0.02000000000256334	1645.7417033327824
0.020000000002477963	1645.7417033323318
0.020000000002395345	1645.741703331895
0.020000000002315402	1645.741703331472
0.020000000002238047	1645.7417033310624
0.0200000000021632	1645.7417033306658
0.020000000002090793	1645.7417033302818
0.020000000002020738	1645.7417033299096
0.02000000000195296	1645.7417033295492
0.02000000000188739	1645.7417033292002
0.020000000001823958	1645.741703328862
0.020000000001762594	1645.7417033285346
0.02000000000170324	1645.7417033282177
0.020000000001645823	1645.7417033279105
0.020000000001590287	1645.7417033276129
0.02000000000153657	1645.7417033273243
0.02000000000148462	1645.7417033270447
0.02000000000143437	1645.7417033267736
0.020000000001385774	1645.7417033265108
0.02000000000133878	1645.7417033262557
0.02000000000129333	1645.7417033260085
0.02000000000124938	1645.7417033257689
0.020000000001206875	1645.741703325537
0.02000000000116578	1645.7417033253123
0.020000000001126044	1645.741703325095
0.020000000001087623	1645.7417033248844
0.020000000001050476	1645.7417033246802
0.02000000000101456	1645.7417033244824
0.020000000000979838	1645.7417033242907
0.02000000000094627	1645.741703324105
0.02000000000091382	1645.7417033239249
0.020000000000882458	1645.7417033237502
0.020000000000852138	1645.741703323581
0.020000000000822832	1645.741703323417
0.0200000000007945	1645.7417033232578
0.02000000000076711	1645.7417033231034
0.02000000000074064	1645.7417033229542
0.02000000000071506	1645.7417033228098
0.02000000000069034	1645.74170332267
0.020000000000666453	1645.741703322535
0.020000000000643368	1645.7417033224042
0.02000000000062106	1645.7417033222775
0.0200000000005995	1645.7417033221552
0.020000000000578666	1645.7417033220368
0.020000000000558533	1645.741703321922
0.020000000000539073	1645.741703321811
0.020000000000520275	1645.7417033217037
0.02000000000050212	1645.7417033215997
0.02000000000048458	1645.741703321499
0.020000000000467637	1645.7417033214017
0.020000000000451264	1645.7417033213073
0.02000000000043545	1645.7417033212162
0.020000000000420175	1645.7417033211277
0.020000000000405423	1645.741703321042
0.02000000000039117	1645.741703320959
0.020000000000377403	1645.7417033208787
0.0200000000003641	1645.7417033208008
0.020000000000351254	1645.7417033207253
0.020000000000338844	1645.7417033206523
0.02000000000032686	1645.7417033205813
0.020000000000315283	1645.7417033205124
0.020000000000304104	1645.7417033204458
0.02000000000029331	1645.741703320381
0.020000000000282892	1645.741703320318
0.02000000000027283	1645.741703320257
0.02000000000026312	1645.7417033201982
0.020000000000253745	1645.7417033201411
0.020000000000244694	1645.7417033200854
0.020000000000235958	1645.7417033200313
0.020000000000227527	1645.741703319979
0.020000000000219387	1645.7417033199288
0.02000000000021153	1645.7417033198803
0.02000000000020394	1645.741703319834
0.020000000000196617	1645.741703319789
0.02000000000018955	1645.7417033197457
0.020000000000182726	1645.7417033197041
0.020000000000176137	1645.7417033196639
0.020000000000169778	1645.7417033196252
0.02000000000016364	1645.7417033195882
0.02000000000015771	1645.7417033195525
0.02000000000015199	1645.741703319518
0.020000000000146467	1645.7417033194847
0.02000000000014113	1645.7417033194527
0.020000000000135982	1645.741703319422
0.020000000000131014	1645.7417033193922
0.020000000000126212	1645.7417033193635
0.020000000000121577	1645.741703319336
0.020000000000117105	1645.7417033193094
0.020000000000112785	1645.741703319284
0.020000000000108615	1645.7417033192596
0.02000000000010459	1645.741703319236
0.0200000000001007	1645.7417033192132
0.02000000000009695	1645.7417033191914
0.020000000000093335	1645.7417033191703
0.02000000000008985	1645.74170331915
0.02000000000008649	1645.7417033191305
0.020000000000083257	1645.7417033191114
0.020000000000080138	1645.7417033190932
0.02000000000007713	1645.7417033190757
0.020000000000074233	1645.7417033190586
0.02000000000007144	1645.7417033190425
0.02000000000006875	1645.7417033190268
0.02000000000006616	1645.7417033190118
0.020000000000063658	1645.7417033189975
0.020000000000061247	1645.7417033189836
0.02000000000005892	1645.7417033189704
0.020000000000056674	1645.7417033189577
0.020000000000054516	1645.7417033189456
0.020000000000052434	1645.741703318934
0.02000000000005043	1645.7417033189229
0.020000000000048493	1645.7417033189122
0.02000000000004663	1645.7417033189017
0.020000000000044836	1645.7417033188915
0.020000000000043105	1645.7417033188817
0.020000000000041436	1645.7417033188722
0.020000000000039826	1645.7417033188628
0.020000000000038275	1645.741703318854
0.02000000000003678	1645.7417033188453
0.020000000000035337	1645.741703318837
0.02000000000003395	1645.741703318829
0.02000000000003261	1645.7417033188212
0.02000000000003132	1645.7417033188137
0.020000000000030074	1645.7417033188065
0.02000000000002887	1645.7417033187994
0.02000000000002771	1645.7417033187926
0.020000000000026594	1645.7417033187862
0.020000000000025518	1645.7417033187799
0.020000000000024477	1645.7417033187737
0.020000000000023475	1645.741703318768
0.020000000000022507	1645.7417033187623
0.02000000000002157	1645.7417033187571
0.020000000000020664	1645.741703318752
0.02000000000001979	1645.7417033187469
0.020000000000018947	1645.741703318742
0.020000000000018132	1645.7417033187376
0.020000000000017344	1645.741703318733
0.02000000000001658	1645.741703318729
0.020000000000015845	1645.7417033187248
0.02000000000001513	1645.741703318721
0.02000000000001444	1645.7417033187173
0.02000000000001377	1645.741703318714
0.020000000000013125	1645.7417033187105
0.020000000000012494	1645.7417033187073
0.020000000000011883	1645.7417033187044
0.02000000000001129	1645.7417033187014
0.020000000000010714	1645.7417033186985
0.020000000000010155	1645.7417033186957
0.02000000000000961	1645.7417033186932
0.02000000000000908	1645.7417033186907
0.020000000000008566	1645.7417033186885
0.020000000000008063	1645.7417033186864
0.020000000000007574	1645.7417033186844
0.020000000000007095	1645.7417033186825
0.020000000000006624	1645.741703318681
0.020000000000006166	1645.7417033186794
0.020000000000005715	1645.741703318678
0.020000000000005274	1645.7417033186769
0.02000000000000484	1645.7417033186757
0.020000000000004417	1645.7417033186748
0.020000000000004	1645.7417033186741
0.020000000000003584	1645.7417033186734
0.020000000000003175	1645.741703318673
0.02000000000000277	1645.7417033186728
0.02000000000000237	1645.7417033186725
0.02000000000000197	1645.7417033186725
0.020000000000001572	1645.7417033186725
0.020000000000001177	1645.7417033186725
0.020000000000000785	1645.7417033186725
0.020000000000000392	1645.7417033186725
0.020000000000000004	1645.7417033186725
0.019999999999999615	1645.7417033186725
