0.02	1645.74170332
0.0200024452031	1645.66986586
0.0200049045743	1645.59791487
0.0200073783841	1645.52584503
0.0200098669057	1645.45365113
0.020012370415	1645.38132811
0.0200148891904	1645.308871
0.0200174235128	1645.23627497
0.020019973666	1645.16353533
0.0200225399364	1645.09064751
0.0200251226128	1645.01760707
0.0200277219872	1644.94440973
0.0200303383538	1644.87105134
0.02003297201	1644.7975279
0.0200356232555	1644.72383556
0.0200382923932	1644.64997065
0.0200409797286	1644.57592963
0.0200436855699	1644.50170914
0.0200464102284	1644.427306
0.0200491540182	1644.3527172
0.020051917256	1644.27793989
0.0200547002617	1644.20297144
0.0200575033582	1644.12780939
0.0200603268711	1644.05245149
0.020063171129	1643.97689568
0.0200660364638	1643.90114012
0.0200689232102	1643.82518319
0.0200718317059	1643.74902347
0.0200747622917	1643.6726598
0.0200777153119	1643.59609122
0.0200806911134	1643.51931704
0.0200836900465	1643.4423368
0.020086712465	1643.36515031
0.0200897587254	1643.28775765
0.0200928291878	1643.21015915
0.0200959242157	1643.13235544
0.0200990441756	1643.05434743
0.0201021894377	1642.97613632
0.0201053603755	1642.89772363
0.0201085573659	1642.81911118
0.0201117807894	1642.74030114
0.02011503103	1642.66129598
0.0201183084752	1642.58209854
0.0201216135162	1642.502712
0.0201249465479	1642.42313991
0.0201283079688	1642.3433862
0.0201316981813	1642.26345517
0.0201351175916	1642.18335153
0.0201385666097	1642.1030804
0.0201420456495	1642.02264731
0.020145555129	1641.94205824
0.0201490954701	1641.86131961
0.0201526670987	1641.78043829
0.0201562704452	1641.69942163
0.020159905944	1641.61827748
0.0201635740336	1641.53701416
0.0201672751571	1641.45564053
0.020171009762	1641.37416598
0.0201747783002	1641.29260044
0.0201785812281	1641.2109544
0.0201824190069	1641.12923893
0.0201862921024	1641.0474657
0.0201902009851	1640.96564699
0.0201941461307	1640.8837957
0.0201981280194	1640.8019254
0.0202021471369	1640.72005031
0.0202062039738	1640.63818535
0.020210299026	1640.55634613
0.0202144327946	1640.47454899
0.0202186057864	1640.39281104
0.0202228185134	1640.31115014
0.0202270714937	1640.22958493
0.0202313652508	1640.14813489
0.0202357003142	1640.06682033
0.0202400772194	1639.98566242
0.0202444965079	1639.9046832
0.0202489587277	1639.82390565
0.020253464433	1639.74335368
0.0202580141845	1639.66305214
0.0202626085496	1639.58302692
0.0202672481025	1639.50330488
0.0202719334244	1639.42391397
0.0202766651035	1639.34488319
0.0202814437353	1639.26624268
0.0202862699226	1639.1880237
0.0202911442761	1639.11025869
0.020296067414	1639.0329813
0.0203010399625	1638.95622642
0.020306062556	1638.88003023
0.0203111358371	1638.80443021
0.020316260457	1638.7294652
0.0203214370757	1638.65517543
0.020326666362	1638.58160255
0.0203319489939	1638.50878968
0.0203372856588	1638.43678148
0.0203426770537	1638.36562412
0.0203481238854	1638.2953654
0.0203536268708	1638.22605475
0.0203591867373	1638.1577433
0.0203648042227	1638.09048391
0.0203704800758	1638.02433122
0.0203762150565	1637.95934173
0.0203820099362	1637.89557381
0.0203878654979	1637.83308777
0.0203937825369	1637.77194592
0.0203997618607	1637.71221265
0.0204058042895	1637.65395442
0.0204119106565	1637.59723988
0.0204180818084	1637.54213992
0.0204243186055	1637.48872771
0.0204306219222	1637.43707879
0.0204369926475	1637.38727112
0.0204434316851	1637.33938516
0.0204499399541	1637.29350393
0.0204565183893	1637.24971309
0.0204631679415	1637.208101
0.0204698895781	1637.16875881
0.0204766842836	1637.13178056
0.02048355306	1637.0972632
0.020490496927	1637.06530673
0.0204975169231	1637.03601427
0.0205046141057	1637.00949211
0.0205117895516	1636.98584987
0.0205190443578	1636.96520053
0.020526379641	1636.94766055
0.0205337965145	1636.93334992
0.0205412956489	1636.92239157
0.0205488721565	1636.91490635
0.0205564795376	1636.91098825
0.0205638848979	1636.91063282
0.0205703919598	1636.91362887
0.0205748203162	1636.91952278
0.0205762721718	1636.92775908
0.0205750142505	1636.93789546
0.0205721758992	1636.94969155
0.0205687422784	1636.96304935
0.0205651585595	1636.9779283
0.0205615430268	1636.99430227
0.0205579150384	1637.01214773
0.0205542766589	1637.0314417
0.0205506281131	1637.05216163
0.0205469695003	1637.07428529
0.0205433009105	1637.09779084
0.0205396224292	1637.12265679
0.0205359341373	1637.148862
0.0205322361116	1637.17638567
0.0205285284243	1637.20520734
0.0205248111431	1637.23530689
0.0205210843314	1637.26666453
0.0205173480481	1637.29926079
0.0205136023474	1637.33307654
0.0205098472792	1637.36809293
0.0205060828888	1637.40429146
0.0205023092169	1637.4416539
0.0204985262996	1637.48016234
0.0204947341685	1637.51979918
0.0204909328503	1637.56054708
0.0204871223673	1637.602389
0.0204833027371	1637.64530819
0.0204794739725	1637.68928816
0.0204756360815	1637.73431272
0.0204717890676	1637.78036591
0.0204679329294	1637.82743206
0.0204640676604	1637.87549575
0.0204601932498	1637.92454179
0.0204563096815	1637.97455528
0.0204524169348	1638.02552154
0.0204485149839	1638.0774261
0.020444603798	1638.13025478
0.0204406833416	1638.18399358
0.0204367535741	1638.23862874
0.0204328144496	1638.29414672
0.0204288659174	1638.35053419
0.0204249079218	1638.40777802
0.0204209404017	1638.46586529
0.020416963291	1638.52478326
0.0204129765184	1638.58451942
0.0204089800073	1638.6450614
0.020404973676	1638.70639703
0.0204009574374	1638.76851432
0.0203969311992	1638.83140145
0.0203928948635	1638.89504675
0.0203888483272	1638.95943872
0.0203847914817	1639.024566
0.0203807242131	1639.09041739
0.0203766464018	1639.15698182
0.0203725579228	1639.22424836
0.0203684586453	1639.29220621
0.0203643484332	1639.36084469
0.0203602271445	1639.43015323
0.0203560946317	1639.50012138
0.0203519507414	1639.57073878
0.0203477953145	1639.64199518
0.0203436281861	1639.7138804
0.0203394491854	1639.78638438
0.0203352581358	1639.85949709
0.0203310548546	1639.9332086
0.0203268391532	1640.00750903
0.0203226108369	1640.08238855
0.0203183697051	1640.15783739
0.0203141155509	1640.23384581
0.0203098481612	1640.31040411
0.0203055673168	1640.3875026
0.0203012727921	1640.4651316
0.0202969643553	1640.54328147
0.0202926417681	1640.62194253
0.0202883047859	1640.70110511
0.0202839531576	1640.78075952
0.0202795866254	1640.86089604
0.0202752049251	1640.9415049
0.0202708077857	1641.02257632
0.0202663949297	1641.10410042
0.0202619660725	1641.18606727
0.0202575209231	1641.26846688
0.0202530591833	1641.35128914
0.0202485805481	1641.43452389
0.0202440847053	1641.51816081
0.020239571336	1641.60218949
0.0202350401137	1641.68659939
0.0202304907051	1641.77137982
0.0202259227693	1641.85651994
0.0202213359582	1641.94200874
0.0202167299164	1642.02783503
0.0202121042808	1642.11398744
0.0202074586808	1642.20045438
0.0202027927382	1642.28722406
0.0201981060671	1642.37428444
0.0201933982737	1642.46162324
0.0201886689563	1642.54922793
0.0201839177055	1642.63708569
0.0201791441034	1642.72518342
0.0201743477243	1642.8135077
0.0201695281343	1642.90204481
0.0201646848909	1642.99078068
0.0201598175434	1643.07970088
0.0201549256326	1643.16879061
0.0201500086905	1643.25803468
0.0201450662406	1643.34741749
0.0201400977975	1643.43692303
0.0201351028669	1643.52653481
0.0201300809454	1643.61623591
0.0201250315206	1643.70600889
0.0201199540707	1643.79583583
0.0201148480647	1643.88569827
0.0201097129619	1643.97557719
0.0201045482123	1644.06545302
0.0200993532558	1644.15530558
0.0200941275228	1644.24511407
0.0200888704335	1644.33485704
0.0200835813979	1644.4245124
0.0200782598161	1644.51405733
0.0200729050773	1644.6034683
0.0200675165605	1644.69272106
0.0200620936338	1644.78179055
0.0200566356548	1644.87065091
0.0200511419696	1644.95927547
0.0200456119134	1645.04763667
0.0200400448102	1645.13570608
0.0200344399721	1645.22345432
0.0200287966998	1645.31085107
0.0200231142822	1645.39786502
0.020017391996	1645.48446381
0.0200116291063	1645.57061406
0.0200058249726	1645.65628475
0.02	1645.74170332
0.02	1645.74170332
