0.02	1645.7417033186725
0.020000000000000115	1645.7417033186684
0.020000000000000233	1645.7417033186641
0.02000000000000035	1645.7417033186596
0.020000000000000472	1645.7417033186548
0.020000000000000594	1645.74170331865
0.02000000000000072	1645.741703318645
0.020000000000000847	1645.7417033186398
0.020000000000000975	1645.7417033186346
0.02000000000000111	1645.741703318629
0.020000000000001246	1645.7417033186234
0.020000000000001385	1645.7417033186177
0.020000000000001527	1645.7417033186118
0.020000000000001673	1645.7417033186057
0.020000000000001822	1645.7417033185993
0.020000000000001975	1645.741703318593
0.020000000000002127	1645.7417033185864
0.020000000000002287	1645.7417033185793
0.02000000000000245	1645.7417033185723
0.02000000000000262	1645.741703318565
0.02000000000000279	1645.7417033185575
0.020000000000002967	1645.7417033185498
0.020000000000003147	1645.7417033185418
0.020000000000003335	1645.7417033185334
0.020000000000003525	1645.741703318525
0.020000000000003723	1645.741703318516
0.020000000000003924	1645.741703318507
0.02000000000000413	1645.7417033184977
0.02000000000000434	1645.741703318488
0.02000000000000456	1645.741703318478
0.020000000000004785	1645.7417033184677
0.020000000000005024	1645.741703318457
0.02000000000000527	1645.741703318446
0.020000000000005527	1645.741703318435
0.020000000000005794	1645.7417033184233
0.02000000000000607	1645.7417033184115
0.020000000000006356	1645.7417033183992
0.020000000000006655	1645.7417033183865
0.020000000000006964	1645.741703318373
0.020000000000007283	1645.7417033183592
0.020000000000007616	1645.7417033183447
0.020000000000007956	1645.7417033183294
0.02000000000000831	1645.7417033183137
0.020000000000008678	1645.7417033182974
0.02000000000000906	1645.74170331828
0.020000000000009455	1645.7417033182624
0.020000000000009864	1645.741703318244
0.020000000000010294	1645.7417033182246
0.02000000000001074	1645.7417033182048
0.0200000000000112	1645.7417033181841
0.02000000000001168	1645.7417033181628
0.020000000000012175	1645.7417033181405
0.02000000000001269	1645.7417033181175
0.02000000000001323	1645.7417033180936
0.020000000000013785	1645.741703318069
0.02000000000001436	1645.7417033180432
0.02000000000001496	1645.7417033180163
0.02000000000001558	1645.7417033179886
0.02000000000001623	1645.7417033179595
0.020000000000016904	1645.7417033179293
0.0200000000000176	1645.741703317898
0.020000000000018326	1645.7417033178656
0.02000000000001908	1645.7417033178317
0.02000000000001986	1645.7417033177967
0.020000000000020668	1645.7417033177603
0.02000000000002151	1645.7417033177226
0.02000000000002239	1645.7417033176832
0.020000000000023298	1645.7417033176425
0.020000000000024238	1645.7417033176
0.020000000000025223	1645.741703317556
0.020000000000026254	1645.7417033175102
0.020000000000027333	1645.7417033174627
0.020000000000028457	1645.7417033174133
0.02000000000002963	1645.7417033173622
0.020000000000030858	1645.7417033173092
0.020000000000032138	1645.741703317254
0.020000000000033474	1645.7417033171967
0.02000000000003487	1645.7417033171373
0.020000000000036326	1645.7417033170755
0.020000000000037845	1645.7417033170113
0.020000000000039427	1645.7417033169447
0.02000000000004108	1645.7417033168754
0.0200000000000428	1645.7417033168028
0.02000000000004459	1645.7417033167274
0.020000000000046456	1645.7417033166482
0.0200000000000484	1645.7417033165657
0.020000000000050425	1645.7417033164795
0.020000000000052535	1645.7417033163897
0.020000000000054727	1645.741703316296
0.02000000000005701	1645.7417033161985
0.020000000000059383	1645.7417033160966
0.020000000000061854	1645.7417033159902
0.02000000000006442	1645.7417033158795
0.02000000000006709	1645.7417033157642
0.020000000000069875	1645.7417033156441
0.02000000000007278	1645.741703315519
0.0200000000000758	1645.7417033153888
0.020000000000078948	1645.741703315253
0.02000000000008223	1645.741703315112
0.020000000000085647	1645.7417033149652
0.020000000000089203	1645.7417033148124
0.02000000000009291	1645.7417033146535
0.020000000000096763	1645.7417033144882
0.020000000000100774	1645.7417033143165
0.020000000000104948	1645.741703314138
0.02000000000010929	1645.7417033139523
0.02000000000011381	1645.7417033137592
0.020000000000118517	1645.7417033135584
0.020000000000123416	1645.7417033133493
0.020000000000128516	1645.7417033131314
0.02000000000013382	1645.7417033129047
0.02000000000013934	1645.741703312669
0.02000000000014508	1645.7417033124234
0.02000000000015105	1645.7417033121678
0.02000000000015726	1645.7417033119018
0.020000000000163727	1645.7417033116253
0.020000000000170458	1645.7417033113375
0.02000000000017746	1645.7417033110382
0.020000000000184745	1645.7417033107272
0.020000000000192322	1645.7417033104039
0.0200000000002002	1645.7417033100676
0.020000000000208396	1645.7417033097179
0.020000000000216924	1645.7417033093543
0.020000000000225792	1645.7417033089762
0.020000000000235017	1645.7417033085828
0.02000000000024461	1645.7417033081738
0.020000000000254585	1645.7417033077484
0.02000000000026496	1645.7417033073064
0.020000000000275745	1645.7417033068473
0.020000000000286962	1645.7417033063698
0.020000000000298623	1645.7417033058732
0.02000000000031075	1645.741703305357
0.020000000000323356	1645.7417033048212
0.020000000000336464	1645.7417033042643
0.020000000000350092	1645.741703303686
0.02000000000036426	1645.7417033030858
0.020000000000378992	1645.741703302462
0.020000000000394296	1645.7417033018135
0.020000000000410207	1645.7417033011395
0.020000000000426746	1645.7417033004392
0.02000000000044394	1645.7417032997118
0.020000000000461808	1645.7417032989558
0.02000000000048038	1645.7417032981703
0.020000000000499677	1645.741703297354
0.020000000000519734	1645.7417032965059
0.02000000000054058	1645.7417032956253
0.020000000000562238	1645.7417032947099
0.02000000000058474	1645.741703293759
0.02000000000060812	1645.7417032927713
0.020000000000632415	1645.7417032917456
0.020000000000657655	1645.74170329068
0.020000000000683877	1645.7417032895733
0.020000000000711116	1645.7417032884239
0.020000000000739416	1645.7417032872302
0.02000000000076881	1645.7417032859905
0.020000000000799344	1645.7417032847031
0.02000000000083106	1645.7417032833662
0.020000000000864004	1645.741703281978
0.02000000000089822	1645.7417032805367
0.020000000000933757	1645.7417032790402
0.020000000000970665	1645.7417032774863
0.020000000001008992	1645.7417032758733
0.020000000001048793	1645.7417032741992
0.020000000001090118	1645.7417032724616
0.02000000000113303	1645.7417032706585
0.02000000000117759	1645.7417032687868
0.020000000001223858	1645.7417032668438
0.020000000001271896	1645.741703264827
0.020000000001321773	1645.741703262734
0.02000000000137355	1645.7417032605617
0.020000000001427307	1645.7417032583073
0.020000000001483102	1645.7417032559679
0.02000000000154102	1645.74170325354
0.020000000001601147	1645.741703251021
0.02000000000166355	1645.741703248407
0.02000000000172832	1645.741703245695
0.020000000001795543	1645.7417032428816
0.020000000001865307	1645.741703239963
0.02000000000193771	1645.7417032369356
0.020000000002012845	1645.7417032337944
0.02000000000209081	1645.7417032305361
0.020000000002171718	1645.7417032271562
0.02000000000225567	1645.7417032236501
0.020000000002342772	1645.7417032200135
0.020000000002433144	1645.7417032162414
0.020000000002526906	1645.7417032123294
0.02000000000262418	1645.7417032082728
0.020000000002725095	1645.741703204066
0.020000000002829782	1645.7417031997034
0.020000000002938376	1645.7417031951795
0.020000000003051015	1645.7417031904886
0.020000000003167855	1645.7417031856241
0.020000000003289043	1645.7417031805812
0.02000000000341473	1645.7417031753532
0.020000000003545088	1645.7417031699329
0.02000000000368028	1645.7417031643135
0.02000000000382048	1645.7417031584878
0.020000000003965863	1645.7417031524487
0.02000000000411662	1645.741703146189
0.020000000004272947	1645.7417031397008
0.020000000004435033	1645.741703132976
0.020000000004603093	1645.7417031260056
0.02000000000477734	1645.7417031187815
0.020000000004957986	1645.7417031112952
0.020000000005145267	1645.7417031035368
0.020000000005339413	1645.7417030954969
0.020000000005540673	1645.7417030871654
0.020000000005749297	1645.741703078533
0.020000000005965544	1645.7417030695888
0.02000000000618968	1645.741703060321
0.020000000006422	1645.741703050719
0.02000000000666277	1645.7417030407717
0.020000000006912308	1645.741703030466
0.02000000000717091	1645.74170301979
0.020000000007438897	1645.741703008731
0.020000000007716606	1645.7417029972758
0.02000000000800437	1645.74170298541
0.02000000000830254	1645.74170297312
0.020000000008611487	1645.7417029603907
0.02000000000893158	1645.7417029472076
0.020000000009263216	1645.7417029335543
0.0200000000096068	1645.741702919415
0.020000000009962736	1645.7417029047735
0.020000000010331465	1645.7417028896118
0.020000000010713424	1645.7417028739123
0.02000000001110907	1645.7417028576565
0.020000000011518887	1645.7417028408258
0.020000000011943363	1645.7417028234
0.020000000012383	1645.7417028053594
0.020000000012838328	1645.7417027866823
0.02000000001330988	1645.7417027673482
0.02000000001379822	1645.7417027473336
0.020000000014303923	1645.741702726616
0.020000000014827587	1645.7417027051713
0.020000000015369834	1645.7417026829753
0.02000000001593129	1645.7417026600024
0.02000000001651262	1645.7417026362264
0.020000000017114505	1645.7417026116198
0.02000000001773764	1645.7417025861546
0.020000000018382758	1645.7417025598031
0.020000000019050602	1645.7417025325346
0.020000000019741948	1645.741702504319
0.020000000020457594	1645.7417024751237
0.020000000021198366	1645.7417024449164
0.020000000021965114	1645.7417024136637
0.020000000022758722	1645.7417023813302
0.02000000002358009	1645.74170234788
0.02000000002443016	1645.7417023132755
0.0200000000253099	1645.7417022774787
0.020000000026220318	1645.74170224045
0.020000000027162432	1645.7417022021484
0.020000000028137316	1645.741702162532
0.02000000002914607	1645.7417021215574
0.020000000030189827	1645.7417020791797
0.020000000031269758	1645.741702035353
0.020000000032387076	1645.7417019900295
0.02000000003354303	1645.7417019431593
0.020000000034738903	1645.7417018946921
0.020000000035976035	1645.7417018445756
0.020000000037255793	1645.7417017927553
0.02000000003857959	1645.7417017391763
0.020000000039948895	1645.7417016837803
0.020000000041365214	1645.7417016265085
0.0200000000428301	1645.7417015672997
0.02000000004434516	1645.741701506091
0.020000000045912052	1645.741701442817
0.02000000004753249	1645.7417013774111
0.02000000004920823	1645.7417013098043
0.020000000050941102	1645.7417012399249
0.020000000052732978	1645.7417011677003
0.02000000005458579	1645.741701093054
0.020000000056501543	1645.7417010159077
0.020000000058482292	1645.7417009361816
0.02000000006053016	1645.7417008537927
0.020000000062647343	1645.7417007686556
0.0200000000648361	1645.741700680682
0.020000000067098758	1645.741700589781
0.020000000069437727	1645.7417004958593
0.020000000071855484	1645.74170039882
0.020000000074354585	1645.7417002985644
0.020000000076937665	1645.7417001949896
0.020000000079607443	1645.74170008799
0.020000000082366715	1645.7416999774568
0.020000000085218378	1645.7416998632784
0.02000000008816541	1645.7416997453386
0.020000000091210873	1645.7416996235193
0.02000000009435794	1645.741699497698
0.020000000097609872	1645.7416993677482
0.020000000100970028	1645.7416992335395
0.02000000010444188	1645.7416990949387
0.02000000010802899	1645.7416989518072
0.020000000111735052	1645.7416988040036
0.020000000115563858	1645.7416986513813
0.020000000119519315	1645.7416984937893
0.02000000012360546	1645.7416983310727
0.020000000127826437	1645.7416981630715
0.020000000132186533	1645.7416979896213
0.02000000013669016	1645.7416978105525
0.02000000014134185	1645.7416976256907
0.02000000014614629	1645.7416974348564
0.020000000151108307	1645.7416972378642
0.020000000156232867	1645.741697034524
0.02000000016152509	1645.7416968246396
0.020000000166990238	1645.7416966080089
0.020000000172633755	1645.741696384425
0.020000000178461232	1645.7416961536733
0.020000000184478433	1645.7416959155341
0.020000000190691293	1645.7416956697803
0.020000000197105922	1645.741695416179
0.02000000020372862	1645.74169515449
0.020000000210565867	1645.741694884467
0.020000000217624343	1645.7416946058559
0.02000000022491092	1645.7416943183944
0.020000000232432674	1645.7416940218136
0.0200000002401969	1645.7416937158373
0.02000000024821111	1645.7416934001799
0.02000000025648302	1645.741693074549
0.020000000265020586	1645.7416927386425
0.020000000273832006	1645.7416923921503
0.02000000028292571	1645.7416920347534
0.02000000029231038	1645.7416916661236
0.02000000030199495	1645.741691285923
0.020000000311988616	1645.7416908938044
0.020000000322300846	1645.7416904894108
0.02000000033294138	1645.741690072375
0.020000000343920243	1645.7416896423188
0.020000000355247762	1645.7416891988535
0.020000000366934553	1645.7416887415798
0.02000000037899155	1645.7416882700868
0.020000000391429996	1645.7416877839526
0.02000000040426147	1645.7416872827419
0.020000000417497873	1645.7416867660088
0.020000000431151455	1645.7416862332936
0.02000000044523483	1645.7416856841248
0.02000000045976096	1645.7416851180167
0.020000000474743193	1645.7416845344708
0.020000000490195256	1645.741683932974
0.020000000506131262	1645.7416833129992
0.020000000522565734	1645.7416826740046
0.020000000539513618	1645.7416820154335
0.020000000556990277	1645.7416813367136
0.020000000575011515	1645.7416806372569
0.020000000593593588	1645.7416799164587
0.020000000612753213	1645.7416791736985
0.02000000063250758	1645.741678408337
0.020000000652874373	1645.7416776197197
0.020000000673871768	1645.7416768071716
0.02000000069551846	1645.7416759700013
0.02000000071783367	1645.7416751074975
0.02000000074083716	1645.7416742189293
0.02000000076454925	1645.7416733035461
0.020000000788990835	1645.7416723605768
0.020000000814183388	1645.7416713892296
0.02000000084014899	1645.7416703886906
0.020000000866910332	1645.7416693581242
0.020000000894490746	1645.7416682966723
0.020000000922914218	1645.7416672034535
0.02000000095220539	1645.7416660775625
0.020000000982389604	1645.7416649180702
0.020000001013492884	1645.7416637240217
0.020000001045542	1645.7416624944367
0.020000001078564453	1645.7416612283093
0.020000001112588497	1645.7416599246058
0.02000000114764318	1645.741658582265
0.02000000118375833	1645.7416572001985
0.020000001220964615	1645.7416557772879
0.020000001259293538	1645.7416543123854
0.02000000129877746	1645.741652804312
0.020000001339449645	1645.741651251859
0.02000000138134425	1645.7416496537849
0.020000001424496375	1645.7416480088152
0.020000001468942073	1645.7416463156421
0.020000001514718372	1645.7416445729239
0.020000001561863313	1645.7416427792832
0.020000001610415968	1645.7416409333064
0.020000001660416475	1645.7416390335434
0.020000001711906048	1645.7416370785058
0.020000001764927014	1645.7416350666672
0.020000001819522845	1645.7416329964603
0.020000001875738187	1645.7416308662782
0.02000000193361887	1645.7416286744722
0.02000000199321198	1645.7416264193503
0.020000002054565848	1645.7416240991774
0.020000002117730092	1645.7416217121731
0.02000000218275567	1645.7416192565115
0.020000002249694903	1645.74161673032
0.02000000231860148	1645.7416141316785
0.020000002389530543	1645.7416114586165
0.020000002462538687	1645.741608709114
0.020000002537684008	1645.7416058810988
0.02000000261502614	1645.741602972447
0.020000002694626297	1645.74159998098
0.020000002776547298	1645.7415969044641
0.020000002860853624	1645.741593740609
0.020000002947611447	1645.7415904870672
0.02000000303688869	1645.7415871414307
0.020000003128755033	1645.741583701232
0.020000003223282	1645.7415801639415
0.02000000332054298	1645.7415765269652
0.020000003420613265	1645.7415727876453
0.02000000352357012	1645.7415689432569
0.02000000362949281	1645.7415649910076
0.020000003738462672	1645.7415609280351
0.02000000385056314	1645.7415567514063
0.02000000396587981	1645.741552458115
0.020000004084500485	1645.7415480450804
0.020000004206515248	1645.7415435091466
0.020000004332016482	1645.7415388470786
0.020000004461098963	1645.7415340555633
0.020000004593859887	1645.7415291312045
0.02000000473039895	1645.7415240705234
0.0200000048708184	1645.741518869957
0.02000000501522309	1645.741513525854
0.02000000516372055	1645.7415080344745
0.020000005316421047	1645.7415023919873
0.020000005473437655	1645.7414965944688
0.020000005634886315	1645.7414906378997
0.020000005800885904	1645.7414845181638
0.020000005971558314	1645.7414782310457
0.02000000614702852	1645.7414717722274
0.020000006327424626	1645.7414651372885
0.02000000651287798	1645.7414583217012
0.02000000670352323	1645.74145132083
0.02000000689949839	1645.7414441299281
0.020000007100944944	1645.7414367441356
0.020000007308007908	1645.741429158477
0.020000007520835927	1645.7414213678585
0.02000000773958134	1645.7414133670648
0.020000007964400282	1645.741405150758
0.020000008195452768	1645.741396713474
0.020000008432902783	1645.7413880496192
0.020000008676918368	1645.7413791534693
0.020000008927671724	1645.7413700191642
0.020000009185339285	1645.7413606407076
0.020000009450101854	1645.7413510119623
0.020000009722144673	1645.7413411266477
0.020000010001657523	1645.7413309783378
0.020000010288834857	1645.741320560456
0.020000010583875863	1645.7413098662735
0.020000010886984613	1645.7412988889068
0.020000011198370148	1645.7412876213118
0.02000001151824661	1645.7412760562827
0.02000001184683333	1645.741264186447
0.020000012184354973	1645.7412520042647
0.020000012531041642	1645.7412395020208
0.02000001288712901	1645.7412266718256
0.02000001325285843	1645.7412135056081
0.020000013628477087	1645.7411999951144
0.020000014014238097	1645.741186131902
0.02000001441040067	1645.7411719073375
0.020000014817230218	1645.7411573125926
0.02000001523499852	1645.7411423386386
0.020000015663983843	1645.7411269762438
0.02000001610447109	1645.7411112159687
0.020000016556751953	1645.7410950481624
0.020000017021125062	1645.7410784629574
0.02000001749789613	1645.7410614502662
0.02000001798737811	1645.7410439997755
0.02000001848989137	1645.7410261009431
0.020000019005763817	1645.741007742993
0.020000019535331117	1645.74098891491
0.020000020078936816	1645.7409696054358
0.020000020636932528	1645.7409498030634
0.02000002120967812	1645.7409294960323
0.020000021797541876	1645.7409086723244
0.02000002240090069	1645.7408873196578
0.02000002302014025	1645.7408654254818
0.020000023655655213	1645.7408429769728
0.020000024307849414	1645.7408199610277
0.02000002497713606	1645.7407963642581
0.02000002566393794	1645.7407721729862
0.0200000263686876	1645.740747373238
0.02000002709182757	1645.7407219507386
0.02000002783381059	1645.7406958909053
0.02000002859509981	1645.7406691788422
0.020000029376169	1645.740641799334
0.0200000301775028	1645.7406137368412
0.020000030999596928	1645.7405849754925
0.02000003184295844	1645.7405554990776
0.020000032708105936	1645.740525291043
0.020000033595569826	1645.7404943344848
0.020000034505892553	1645.7404626121415
0.020000035439628885	1645.7404301063875
0.020000036397346127	1645.7403967992261
0.020000037379624407	1645.7403626722835
0.020000038387056936	1645.740327706801
0.020000039420250287	1645.740291883628
0.02000004047982466	1645.7402551832151
0.020000041566414162	1645.7402175856062
0.0200000426806671	1645.740179070431
0.02000004382324629	1645.740139616898
0.02000004499482931	1645.740099203787
0.020000046196108852	1645.7400578094391
0.02000004742779298	1645.7400154117533
0.0200000486906055	1645.7399719881732
0.020000049985286227	1645.7399275156818
0.020000051312591346	1645.7398819707942
0.020000052673293727	1645.7398353295457
0.020000054068183264	1645.7397875674865
0.020000055498067226	1645.7397386596713
0.020000056963770593	1645.739688580651
0.020000058466136433	1645.7396373044646
0.020000060006026235	1645.7395848046285
0.020000061584320303	1645.7395310541287
0.020000063201918113	1645.7394760254117
0.020000064859738716	1645.7394196903733
0.020000066558721104	1645.7393620203509
0.02000006829982462	1645.7393029861134
0.020000070084029355	1645.7392425578507
0.02000007191233656	1645.7391807051647
0.020000073785769065	1645.7391173970586
0.020000075705371687	1645.7390526019267
0.020000077672211677	1645.7389862875439
0.02000007968737916	1645.7389184210554
0.020000081751987586	1645.738848968967
0.020000083867174164	1645.7387778971333
0.020000086034100337	1645.7387051707467
0.020000088253952268	1645.7386307543263
0.02000009052794128	1645.7385546117077
0.020000092857304374	1645.7384767060312
0.020000095243304712	1645.738396999729
0.020000097687232123	1645.738315454516
0.02000010019040361	1645.738232031376
0.020000102754163883	1645.7381466905506
0.020000105379885863	1645.7380593915273
0.020000108068971244	1645.7379700930264
0.02000011082285104	1645.7378787529901
0.020000113642986126	1645.7377853285698
0.020000116530867813	1645.7376897761112
0.020000119488018425	1645.737592051143
0.020000122515991866	1645.7374921083656
0.02000012561637424	1645.7373899016359
0.020000128790784447	1645.737285383954
0.020000132040874783	1645.7371785074504
0.020000135368331576	1645.7370692233728
0.02000013877487583	1645.7369574820714
0.02000014226226384	1645.736843232986
0.020000145832287885	1645.7367264246318
0.020000149486776867	1645.7366070045844
0.020000153227596993	1645.7364849194653
0.020000157056652475	1645.7363601149293
0.020000160975886205	1645.7362325356485
0.020000164987280487	1645.7361021252964
0.02000016909285776	1645.7359688265365
0.020000173294681314	1645.735832581002
0.020000177594856033	1645.7356933292851
0.020000181995529175	1645.73555101092
0.020000186498891126	1645.7354055643657
0.020000191107176175	1645.735256926993
0.020000195822663314	1645.735105035067
0.02000020064767705	1645.7349498237313
0.02000020558458821	1645.7347912269915
0.020000210635814777	1645.7346291776998
0.02000021580382274	1645.7344636075368
0.02000022109112693	1645.7342944469976
0.02000022650029193	1645.734121625372
0.02000023203393291	1645.7339450707293
0.020000237694716556	1645.7337647099007
0.020000243485361988	1645.7335804684624
0.02000024940864165	1645.7333922707173
0.02000025546738228	1645.7332000396784
0.020000261664465852	1645.7330036970504
0.020000268002830536	1645.7328031632123
0.020000274485471696	1645.7325983571995
0.020000281115442883	1645.732389196685
0.020000287895856835	1645.732175597962
0.020000294829886533	1645.7319574759242
0.020000301920766194	1645.7317347440492
0.020000309171792383	1645.731507314378
0.02000031658632506	1645.7312750974968
0.020000324167788665	1645.7310380025185
0.020000331919673243	1645.7307959370635
0.02000033984553555	1645.730548807239
0.020000347949000203	1645.7302965176225
0.02000035623376083	1645.730038971239
0.020000364703581235	1645.7297760695446
0.020000373362296615	1645.7295077124036
0.02000038221381473	1645.7292337980716
0.02000039126211715	1645.728954223174
0.020000400511260487	1645.7286688826869
0.020000409965377667	1645.7283776699153
0.020000419628679194	1645.7280804764737
0.020000429505454446	1645.7277771922668
0.02000043960007301	1645.7274677054681
0.020000449916985987	1645.7271519024985
0.020000460460727346	1645.726829668007
0.020000471235915335	1645.7265008848497
0.020000482247253818	1645.7261654340673
0.020000493499533718	1645.7258231948674
0.02000050499763442	1645.7254740446008
0.020000516746525254	1645.7251178587417
0.02000052875126694	1645.7247545108658
0.020000541017013086	1645.7243838726292
0.02000055354901168	1645.7240058137486
0.02000056635260665	1645.723620201978
0.020000579433239404	1645.7232269030885
0.020000592796450396	1645.7228257808467
0.02000060644788072	1645.7224166969932
0.020000620393273744	1645.7219995112207
0.02000063463847672	1645.7215740811532
0.020000649189442457	1645.7211402623248
0.02000066405223102	1645.7206979081568
0.020000679233011406	1645.7202468699365
0.020000694738063284	1645.7197869967977
0.02000071057377875	1645.7193181356965
0.020000726746664088	1645.7188401313908
0.020000743263341572	1645.7183528264186
0.020000760130551288	1645.717856061077
0.02000077735515298	1645.7173496734003
0.020000794944127914	1645.7168334991397
0.020000812904580757	1645.716307371739
0.020000831243741527	1645.7157711223172
0.020000849968967505	1645.7152245796437
0.020000869087745204	1645.7146675701201
0.020000888607692377	1645.7140999177564
0.02000090853656002	1645.7135214441516
0.02000092888223442	1645.712931968473
0.020000949652739217	1645.712331307434
0.0200009708562375	1645.7117192752744
0.02000099250103393	1645.7110956837398
0.020001014595576887	1645.7104603420612
0.020001037148460653	1645.7098130569336
0.02000106016842759	1645.7091536324976
0.020001083664370378	1645.7084818703177
0.020001107645334287	1645.7077975693637
0.020001132120519433	1645.7071005259909
0.020001157099283094	1645.7063905339205
0.02000118259114208	1645.7056673842196
0.02000120860577504	1645.7049308652838
0.02000123515302492	1645.7041807628173
0.020001262242901347	1645.703416859814
0.020001289885583095	1645.7026389365415
0.020001318091420566	1645.7018467705202
0.020001346870938293	1645.7010401365078
0.02000137623483749	1645.7002188064805
0.020001406193998632	1645.6993825496165
0.020001436759484025	1645.6985311322799
0.020001467942540468	1645.6976643180028
0.020001499754601887	1645.6967818674705
0.020001532207292047	1645.6958835385055
0.020001565312427264	1645.6949690860515
0.020001599082019143	1645.69403826216
0.020001633528277395	1645.6930908159732
0.020001668663612616	1645.692126493713
0.020001704500639157	1645.6911450386656
0.02000174105217799	1645.6901461911684
0.020001778331259625	1645.6891296885979
0.020001816351127036	1645.6880952653573
0.02000185512523864	1645.6870426528644
0.02000189466727132	1645.6859715795413
0.020001934991123422	1645.6848817708035
0.020001976110917863	1645.683772949049
0.020002018041005206	1645.6826448336503
0.020002060795966805	1645.6814971409456
0.02000210439061798	1645.6803295842294
0.020002148840011183	1645.6791418737453
0.02000219415943927	1645.6779337166802
0.02000224036443874	1645.6767048171569
0.020002287470793027	1645.6754548762294
0.020002335494535856	1645.6741835918779
0.02000238445195459	1645.6728906590047
0.020002434359593625	1645.6715757694312
0.02000248523425781	1645.670238611896
0.02000253709301594	1645.6688788720517
0.020002589953204204	1645.6674962324662
0.02000264383242976	1645.6660903726215
0.02000269874857427	1645.6646609689149
0.020002754719797487	1645.663207694662
0.02000281176454088	1645.6617302200982
0.020002869901531332	1645.660228212383
0.020002929149784777	1645.6587013356052
0.020002989528609946	1645.657149250788
0.02000305105761213	1645.6555716158962
0.020003113756696944	1645.6539680858446
0.020003177646074167	1645.6523383125063
0.020003242746261588	1645.650681944724
0.020003309078088876	1645.6489986283195
0.020003376662701484	1645.6472880061076
0.020003445521564623	1645.6455497179095
0.020003515676467198	1645.6437834005671
0.02000358714952584	1645.6419886879596
0.020003659963188928	1645.6401652110217
0.020003734140240627	1645.6383125977607
0.02000380970380501	1645.6364304732774
0.020003886677350174	1645.6345184597878
0.02000396508469235	1645.6325761766461
0.020004044950000098	1645.6306032403684
0.020004126297798512	1645.6285992646588
0.020004209152973438	1645.6265638604366
0.020004293540775705	1645.6244966358652
0.02000437948682542	1645.6223971963818
0.020004467017116254	1645.620265144731
0.020004556158019767	1645.618100080996
0.02000464693628974	1645.6159016026359
0.020004739379066532	1645.6136693045214
0.020004833513881475	1645.6114027789738
0.020004929368661276	1645.6091016158057
0.020005026971732415	1645.6067654023623
0.02000512635182559	1645.604393723566
0.020005227538080178	1645.6019861619625
0.020005330560048676	1645.5995422977676
0.020005435447701198	1645.597061708918
0.020005542231429946	1645.5945439711222
0.020005650942053713	1645.5919886579138
0.02000576161082241	1645.5893953407071
0.02000587426942155	1645.5867635888565
0.02000598894997678	1645.5840929697138
0.020006105685058412	1645.5813830486911
0.020006224507685917	1645.578633389326
0.02000634545133248	1645.5758435533453
0.020006468549929504	1645.5730131007372
0.020006593837871137	1645.570141589818
0.02000672135001878	1645.567228577307
0.020006851121705582	1645.564273618404
0.02000698318874094	1645.5612762668632
0.020007117587414965	1645.558236075075
0.020007254354502953	1645.5551525941498
0.02000739352726983	1645.5520253740017
0.020007535143474572	1645.548853963437
0.020007679241374594	1645.5456379102438
0.020007825859730124	1645.542376761284
0.020007975037808552	1645.5390700625908
0.020008126815388733	1645.5357173594648
0.02000828123276525	1645.5323181965755
0.02000843833075267	1645.5288721180643
0.020008598150689692	1645.5253786676517
0.020008760734443305	1645.5218373887446
0.020008926124412896	1645.5182478245504
0.02000909436353426	1645.514609518188
0.02000926549528359	1645.5109220128093
0.020009439563681383	1645.5071848517168
0.020009616613296283	1645.5033975784886
0.020009796689248873	1645.4995597371037
0.02000997983721534	1645.4956708720713
0.02001016610343113	1645.4917305285644
0.02001035553469446	1645.487738252553
0.020010548178369746	1645.483693590945
0.020010744082390976	1645.4795960917254
0.020010943295264937	1645.4754453041032
0.020011145866074345	1645.4712407786574
0.020011351844480888	1645.4669820674887
0.020011561280728125	1645.4626687243756
0.020011774225644256	1645.4583003049274
0.020011990730644778	1645.4538763667504
0.02001221084773501	1645.4493964696073
0.02001243462951246	1645.444860175587
0.020012662129169037	1645.440267049275
0.020012893400493142	1645.4356166579255
0.02001312849787154	1645.4309085716407
0.02001336747629111	1645.4261423635496
0.020013610391340402	1645.4213176099936
0.02001385729921099	1645.4164338907128
0.020014108256698665	1645.411490789036
0.020014363321204404	1645.4064878920753
0.020014622550735123	1645.4014247909251
0.020014886003904244	1645.3963010808604
0.020015153739932002	1645.3911163615417
0.020015425818645557	1645.385870237223
0.02001570230047882	1645.3805623169626
0.020015983246472042	1645.3751922148374
0.02001626871827119	1645.3697595501608
0.020016558778126955	1645.3642639477025
0.020016853488893573	1645.3587050379151
0.02001715291402732	1645.3530824571606
0.02001745711758468	1645.34739584794
0.02001776616422028	1645.3416448591315
0.020018080119184396	1645.3358291462253
0.020018399048320267	1645.3299483715643
0.020018723018060926	1645.3240022045898
0.0200190520954258	1645.317990322089
0.020019386348016883	1645.311912408444
0.02001972584401454	1645.3057681558869
0.02002007065217296	1645.2995572647571
0.020020420841815188	1645.293279443759
0.020020776482827757	1645.2869344102273
0.020021137645654927	1645.280521890392
0.020021504401292443	1645.2740416196477
0.02002187682128092	1645.267493342825
0.02002225497769871	1645.2608768144646
0.020022638943154356	1645.2541917990961
0.020023028790778566	1645.2474380715173
0.02002342459421565	1645.2406154170772
0.020023826427614515	1645.2337236319602
0.020024234365619117	1645.226762523476
0.02002464848335841	1645.219731910349
0.020025068856435742	1645.2126316230106
0.020025495560917685	1645.2054615038935
0.02002592867332236	1645.1982214077307
0.020026368270607133	1645.1909112018532
0.020026814430155745	1645.1835307664915
0.02002726722976485	1645.176079995079
0.020027726747629954	1645.1685587945565
0.020028193062330675	1645.160967085679
0.02002866625281544	1645.1533048033239
0.020029146398385503	1645.1455718968
0.020029633578678277	1645.1377683301596
0.02003012787365004	1645.1298940825088
0.020030629363557928	1645.1219491483234
0.020031138128941247	1645.1139335377602
0.020031654250602087	1645.105847276975
0.02003217780958518	1645.0976904084355
0.02003270888715706	1645.0894629912386
0.020033247564784494	1645.081165101428
0.020033793924112107	1645.07279683231
0.020034348046939314	1645.0643582947703
0.02003491001519643	1645.0558496175918
0.020035479910920008	1645.0472709477701
0.0200360578162274	1645.03862245083
0.020036643813290515	1645.0299043111418
0.020037237984308717	1645.0211167322348
0.020037840411480993	1645.0122599371114
0.02003845117697719	1645.003334168561
0.0200390703629085	1644.9943396894685
0.02003969805129707	1644.985276783128
0.020040334324044732	1644.9761457535465
0.020040979262900927	1644.9669469257524
0.02004163294942972	1644.9576806460989
0.020042295464975973	1644.9483472825652
0.020042966890630627	1644.9389472250555
0.02004364730719513	1644.9294808856944
0.02004433679514494	1644.9199486991208
0.02004503543459217	1644.9103511227763
0.02004574330524735	1644.9006886371928
0.02004646048638027	1644.8909617462734
0.020047187056779957	1644.881170977572
0.02004792309471374	1644.8713168825668
0.02004866867788542	1644.8614000369294
0.020049423883392575	1644.8514210407905
0.02005018878768294	1644.8413805189996
0.020050963466509922	1644.831279121379
0.02005174799488722	1644.8211175229744
0.020052542447042552	1644.8108964242965
0.02005334689637054	1644.8006165515592
0.02005416141538471	1644.7902786569098
0.0200549860756686	1644.7798835186547
0.020055820947826063	1644.7694319414754
0.020056666101430684	1644.7589247566407
0.020057521604974385	1644.748362822207
0.0200583875258152	1644.7377470232157
0.020059263930124235	1644.7270782718804
0.02006015088283181	1644.7163575077652
0.020061048447572852	1644.7055856979557
0.020061956686631504	1644.6947638372199
0.02006287566088495	1644.6838929481623
0.020063805429746537	1644.6729740813657
0.020064746051108192	1644.6620083155262
0.020065697581282096	1644.6509967575755
0.020066660074941692	1644.6399405427962
0.02006763358506209	1644.6288408349224
0.02006861816285977	1644.6176988262332
0.020069613857731722	1644.6065157376352
0.020070620717193982	1644.5952928187296
0.02007163878681963	1644.584031347872
0.020072668110176273	1644.5727326322185
0.020073708728763	1644.5613980077596
0.0200747606819469	1644.5500288393425
0.020075824006899137	1644.5386265206796
0.020076898738530632	1644.5271924743452
0.02007798490942737	1644.5157281517581
0.02007908254978539	1644.5042350331507
0.020080191687345473	1644.4927146275256
0.02008131234732761	1644.481168472597
0.020082444552365214	1644.4695981347184
0.02008358832243919	1644.4580052087956
0.020084743674811868	1644.4463913181862
0.020085910623960854	1644.4347581145823
0.020087089181512828	1644.4231072778794
0.02008827935617737	1644.4114405160296
0.020089481153680824	1644.3997595648802
0.02009069457670026	1644.388066187995
0.020091919624797613	1644.3763621764615
0.020093156294353983	1644.3646493486794
0.020094404578504206	1644.3529295501355
0.02009566446707178	1644.3412046531619
0.02009693594650404	1644.3294765566764
0.020098218999807883	1644.3177471859067
0.020099513606485833	1644.3060184920976
0.02010081974247274	1644.2942924522013
0.020102137380072996	1644.282571068552
0.020103466487898437	1644.2708563685208
0.020104807030806908	1644.2591504041545
0.02010615896984164	1644.2474552517995
0.02010752226217141	1644.2357730117023
0.0201088968610316	1644.2241058075988
0.020110282715666228	1644.2124557862812
0.020111679771270943	1644.2008251171515
0.020113087968937154	1644.189215991754
0.020114507245597223	1644.1776306232928
0.020115937533970948	1644.1660712461276
0.02011737876251325	1644.1545401152575
0.020118830855363215	1644.143039505784
0.02012029373229452	1644.1315717123546
0.02012176730866736	1644.1201390485928
0.020123251495381873	1644.1087438465092
0.020124746198833143	1644.0973884558944
0.020126251320867927	1644.0860752436959
0.020127766758743035	1644.074806593376
0.020129292405085562	1644.063584904255
0.020130828147854926	1644.0524125908366
0.02013237387030687	1644.0412920821157
0.020133929450959417	1644.0302258208708
0.02013549476356091	1644.0192162629403
0.020137069677060134	1644.0082658764813
0.020138654055578617	1643.9973771412137
0.02014024775838519	1643.986552547647
0.020141850639872835	1643.9757945962947
0.02014346254953789	1643.9651057968701
0.020145083331961668	1643.9544886674696
0.020146712826794595	1643.9439457337392
0.020148350868742816	1643.93347952803
0.02014999728755744	1643.9230925885365
0.020151651908026428	1643.9127874584221
0.020153314549969166	1643.9025666849327
0.020154985028233804	1643.8924328184958
0.02015666315269739	1643.8823884118087
0.020158348728268848	1643.8724360189115
0.02016004155489488	1643.8625781942524
0.0201617414275688	1643.8528174917396
0.020163448136342337	1643.8431564637829
0.020165161466340484	1643.833597660323
0.020166881197779443	1643.824143627854
0.020168607105987623	1643.8147969084355
0.020170338961429824	1643.8055600386936
0.020172076529734583	1643.796435548817
0.02017381957172471	1643.7874259615432
0.020175567843451092	1643.7785337911373
0.020177321096229727	1643.7697615423638
0.020179079076682056	1643.761111709455
0.020180841526778605	1643.7525867750692
0.02018260818388594	1643.7441892092484
0.020184378780816966	1643.7359214683677
0.020186153045884572	1643.7277859940843
0.020187930702958642	1643.7197852122797
0.020189711471526425	1643.7119215320029
0.0201914950667563	1643.7041973444097
0.020193281199564886	1643.6966150216995
0.02019506957668753	1643.689176916054
0.020196859900752182	1643.6818853585758
0.020198651870356583	1643.6747426582244
0.020200445180148848	1643.6677511007574
0.02020223952091133	1643.6609129476717
0.02020403457964786	1643.6542304351476
0.02020583003967421	1643.6477057729967
0.020207625580711853	1643.641341143613
0.020209420878984974	1643.635138700931
0.02021121560732068	1643.6291005693859
0.020213009435252376	1643.6232288428828
0.02021480202912627	1643.6175255837718
0.020216593052211015	1643.611992821831
0.020218382164810332	1643.6066325532563
0.020220169024378704	1643.601446739662
0.02022195328563998	1643.5964373070904
0.020223734600708896	1643.5916061450325
0.020225512619215406	1643.5869551054589
0.020227286988431827	1643.5824860018608
0.0202290573534027	1643.5782006083086
0.020230823357077262	1643.5741006585188
0.020232584640444515	1643.5701878449356
0.020234340842670805	1643.56646381783
0.020236091601239833	1643.5629301844106
0.020237836552094983	1643.5595885079517
0.02023957532978393	1643.5564403069393
0.02024130756760545	1643.5534870542315
0.02024303289775829	1643.550730176239
0.02024475095149205	1643.548171052122
0.020246461359259955	1643.5458110130082
0.020248163750873474	1643.5436513412305
0.020249857755658594	1643.541693269583
0.020251543002613767	1643.539937980599
0.0202532191205693	1643.5383866058514
0.020254885738348185	1643.5370402252736
0.020256542484928197	1643.5358998665033
0.020258188989605193	1643.53496650425
0.020259824882157447	1643.5342410596854
0.020261449793010977	1643.533724399859
0.020263063353405667	1643.5334173371368
0.020264665195562147	1643.533320628666
0.020266254952849245	1643.5334349758646
0.020267832259951924	1643.5337610239387
0.0202693967530396	1643.5342993614224
0.02027094806993464	1643.5350505197491
0.020272485850281036	1643.5360149728472
0.02027400973571301	1643.5371931367627
0.020275519370023497	1643.5385853693117
0.02027701439933237	1643.54019196976
0.020278494472254237	1643.542013178531
0.020279959240065752	1643.5440491769425
0.020281408356872248	1643.5463000869727
0.020282841479773602	1643.5487659710548
0.020284258269029173	1643.5514468319027
0.020285658388221748	1643.5543426123627
0.02028704150442025	1643.5574531952998
0.020288407288341245	1643.5607784035099
0.020289755414508944	1643.5643179996646
0.020291085561413732	1643.5680716862853
0.02029239741166897	1643.5720391057457
0.02029369065216605	1643.5762198403077
0.020294964974227513	1643.580613412186
0.020296220073758104	1643.585219283644
0.02029745565139372	1643.590036857116
0.02029867141264804	1643.5950654753672
0.02029986706805678	1643.6003044216764
0.0203010423333194	1643.6057529200525
0.020302196929438264	1643.6114101354801
0.020303330582854967	1643.6172751741972
0.020304443025583905	1643.6233470839984
0.02030553399534283	1643.6296248545707
0.02030660323568039	1643.6361074178567
0.020307650496100477	1643.6427936484502
0.020308675532183334	1643.649682364016
0.020309678105703326	1643.656772325741
0.020310657984743217	1643.664062238815
0.020311614943804963	1643.6715507529348
0.02031254876391683	1643.6792364628407
0.02031345923273684	1643.6871179088776
0.020314346144652384	1643.695193577583
0.020315209300876016	1643.703461902304
0.020316048509537266	1643.7119212638368
0.020316863585770454	1643.720569991093
0.020317654351798407	1643.7294063617935
0.020318420637012086	1643.7384286031831
0.020319162278045925	1643.7476348927726
0.020319879118848985	1643.757023359103
0.020320571010751742	1643.7665920825336
0.020321237812528575	1643.7763390960506
0.020321879390455794	1643.7862623861017
0.020322495618365265	1643.7963598934475
0.020323086377693537	1643.806629514038
0.020323651557526485	1643.8170690999066
0.02032419105463938	1643.8276764600846
0.02032470477353245	1643.838449361535
0.02032519262646179	1643.8493855301035
0.020325654533465777	1643.8604826514895
0.02032609042238679	1643.8717383722324
0.02032650022888838	1643.8831503007127
0.020326883896467803	1643.894716008173
0.020327241376463957	1643.9064330297501
0.020327572628060703	1643.9182988655236
0.020327877618285615	1643.930310981577
0.020328156322004142	1643.942466811071
0.020328408721909202	1643.9547637553305
0.020328634808506257	1643.9671991849427
0.020328834580093876	1643.979770440864
0.020329008042739835	1643.9924748355388
0.020329155210252744	1644.0053096540257
0.020329276104149287	1644.018272155134
0.02032937075361713	1644.0313595725663
0.020329439195473486	1644.0445691160683
0.020329481474119414	1644.057897972584
0.020329497641489936	1644.0713433074177
0.020329487756999977	1644.0849022653993
0.020329451887486236	1644.098571972055
0.02032939010714503	1644.112349534779
0.02032930249746617	1644.126232044007
0.020329189147162953	1644.1402165743955
0.020329050152098356	1644.154300185997
0.020328885615207497	1644.1684799254388
0.02032869564641641	1644.1827528270971
0.020328480362557293	1644.1971159142747
0.02032823988728023	1644.2115662003735
0.020327974350961557	1644.2261006900644
0.020327683890608902	1644.2407163804528
0.020327368649762992	1644.2554102622432
0.020327028778396386	1644.2701793208957
0.02032666443280916	1644.2850205377772
0.02032627577552168	1644.299930891307
0.020325862975164543	1644.3149073580964
0.020325426206365838	1644.3299469140795
0.020324965649635776	1644.345046535634
0.020324481491248797	1644.360203200697
0.020323973923123323	1644.3754138898694
0.020323443142699196	1644.3906755875082
0.02032288935281295	1644.405985282812
0.020322312761571027	1644.4213399708926
0.02032171358222102	1644.436736653834
0.020321092033021095	1644.452172341743
0.020320448337107687	1644.4676440537833
0.020319782722361568	1644.4831488191958
0.020319095421272443	1644.4986836783085
0.020318386670802147	1644.5142456835292
0.020317656712246578	1644.5298319003239
0.02031690579109647	1644.5454394081798
0.020316134156897134	1644.5610653015535
0.020315342063107297	1644.5767066908024
0.020314529766957086	1644.5923607030984
0.02031369752930536	1644.6080244833272
0.02031284561449642	1644.6236951949668
0.020311974290216275	1644.6393700209521
0.020311083827348538	1644.655046164519
0.020310174499830073	1644.6707208500309
0.02030924658450649	1644.6863913237862
0.020308300360987633	1644.7020548548078
0.020307336111503104	1644.7177087356129
0.020306354120758006	1644.733350282963
0.020305354675788947	1644.748976838595
0.020304338065820427	1644.7645857699317
0.02030330458212172	1644.780174470773
0.02030225451786433	1644.7957403619664
0.020301188167980145	1644.8112808920584
0.020300105829020365	1644.826793537924
0.020299007799015275	1644.8422758053737
0.020297894377335	1644.8577252297448
0.020296765864551324	1644.8731393764692
0.020295622562300615	1644.8885158416185
0.020294464773147995	1644.903852252431
0.020293292800452806	1644.9191462678168
0.020292106948235446	1644.9343955788415
0.020290907521045693	1644.9495979091907
0.020289694823832544	1644.9647510156105
0.020288469161815655	1644.9798526883292
0.02028723084035848	1644.9949007514576
0.020285980164843165	1645.0098930633692
0.0202847174405472	1645.0248275170582
0.020283442972522003	1645.0397020404782
0.02028215706547339	1645.05451459686
0.020280860023644053	1645.0692631850075
0.020279552150698092	1645.0839458395758
0.02027823374960761	1645.0985606313284
0.020276905122541457	1645.1131056673714
0.020275566570756184	1645.1275790913721
0.020274218394489188	1645.1419790837567
0.020272860892854166	1645.1563038618863
0.020271494363738846	1645.1705516802167
0.020270119103705082	1645.184720830438
0.020268735407891304	1645.1988096415928
0.02026734356991737	1645.2128164801813
0.020265943881791874	1645.2267397502426
0.02026453663382187	1645.2405778934215
0.020263122114525106	1645.2543293890149
0.020261700610544723	1645.2679927540041
0.020260272406566478	1645.2815665430655
0.020258837785238487	1645.2950493485666
0.02025739702709349	1645.3084398005476
0.020255950410473688	1645.3217365666815
0.020254498211458097	1645.3349383522211
0.020253040703792448	1645.3480438999313
0.02025157815882169	1645.3610519900037
0.02025011084542498	1645.3739614399574
0.020248639029953268	1645.386771104523
0.020247162976169394	1645.3994798755152
0.020245682945190736	1645.4120866816897
0.0202441991954344	1645.4245904885854
0.020242711982564873	1645.436990298355
0.02024122155944422	1645.4492851495806
0.02023972817608475	1645.4614741170783
0.020238232079604127	1645.4735563116903
0.02023673351418297	1645.4855308800622
0.020235232721024832	1645.497397004412
0.020233729938318613	1645.5091539022878
0.020232225401203306	1645.5208008263105
0.020230719341735162	1645.5323370639103
0.02022921198885711	1645.543761937051
0.020227703568370507	1645.5550748019443
0.020226194302909128	1645.566275048755
0.020224684411915408	1645.5773621012975
0.020223174111618874	1645.5883354167215
0.02022166361501671	1645.5991944851924
0.020220153131856496	1645.6099388295595
0.020218642868621017	1645.6205680050202
0.020217133028515095	1645.6310815987756
0.02021562381145448	1645.6414792296773
0.02021411541405669	1645.6517605478687
0.0202126080296338	1645.6619252344215
0.020211101848187085	1645.671973000963
0.02020959705640359	1645.6819035892995
0.02020809383765441	1645.6917167710346
0.020206592371994826	1645.7014123471808
0.020205092836166116	1645.7109901477684
0.020203595403599037	1645.720450031448
0.020202100244418982	1645.7297918850904
0.020200607525452687	1645.7390156233803
0.020199117410236514	1645.7481211884092
0.02019763005902621	1645.7571085492639
0.02019614562880813	1645.765977701612
0.020194664273311874	1645.7747286672845
0.020193186143024296	1645.7833614938559
0.020191711385204796	1645.7918762542222
0.020190240143901955	1645.8002730461787
0.020188772559971303	1645.8085519919937
0.020187308771094373	1645.8167132379824
0.020185848911798816	1645.8247569540788
0.020184393113479644	1645.832683333407
0.020182941504421528	1645.840492591854
0.020181494209822085	1645.8481849676377
0.02018005135181614	1645.8557607208793
0.020178613049500894	1645.8632201331727
0.020177179418961997	1645.8705635071558
0.02017575057330041	1645.8777911660814
0.020174326622660083	1645.8849034533896
0.02017290767425642	1645.8919007322806
0.020171493832405376	1645.8987833852884
0.020170085198553296	1645.9055518138573
0.020168681871307322	1645.9122064379171
0.02016728394646644	1645.9187476954628
0.020165891517053072	1645.9251760421332
0.020164504673345136	1645.9314919507954
0.020163123502908654	1645.937695911127
0.020161748090630743	1645.9437884292047
0.020160378518753044	1645.9497700270913
0.020159014866905516	1645.955641242429
0.020157657212140537	1645.9614026280326
0.020156305628967353	1645.967054751487
0.020154960189386784	1645.9725981947474
0.020153620962926135	1645.9780335537428
0.020152288016674378	1645.98336143798
0.02015096141531744	1645.988582470157
0.020149641221173686	1645.9936972857736
0.020148327494229522	1645.9987065327477
0.020147020292175064	1646.0036108710356
0.020145719670439887	1646.0084109722557
0.02014442568222883	1646.0131075193162
0.020143138378557766	1646.0177012060467
0.020141857808289428	1646.022192736831
0.020140584018169122	1646.026582826249
0.020139317052860466	1646.030872198718
0.020138056954980995	1646.0350615881403
0.02013680376513767	1646.039151737554
0.020135557521962298	1646.0431433987887
0.020134318262146778	1646.0470373321255
0.020133086020478214	1646.0508343059591
0.020131860829873827	1646.0545350964678
0.020130642721415702	1646.058140487285
0.020129431724385288	1646.0616512691765
0.020128227866297723	1646.0650682397213
0.020127031172935874	1646.0683922029966
0.02012584166838413	1646.0716239692692
0.020124659375061957	1646.0747643546886
0.02012348431375714	1646.0778141809856
0.020122316503658737	1646.0807742751772
0.020121155962389763	1646.083645469274
0.0201200027060395	1646.086428599991
0.020118856749195547	1646.089124508466
0.020117718104975483	1646.0917340399799
0.020116586785058215	1646.0942580436827
0.020115462799714986	1646.0966973723234
0.020114346157839996	1646.0990528819846
0.020113236866980685	1646.1013254318223
0.020112134933367627	1646.103515883809
0.020111040361944058	1646.10562510248
0.020109953156395036	1646.107653954688
0.020108873319176174	1646.1096033093586
0.02010780085154203	1646.1114740372514
0.020106735753574072	1646.1132670107256
0.020105678024208266	1646.1149831035102
0.02010462766126225	1646.1166231904756
0.02010358466146212	1646.118188147416
0.020102549020468794	1646.1196788508273
0.020101520732904003	1646.121096177697
0.02010049979237585	1646.1224410052941
0.020099486191503962	1646.123714210963
0.02009847992194425	1646.1249166719247
0.020097480974413266	1646.1260492650786
0.020096489338712154	1646.1271128668095
0.020095505003750173	1646.1281083528002
0.02009452795756785	1646.1290365978455
0.020093558187359705	1646.129898475672
0.020092595679496613	1646.1306948587603
0.020091640419547703	1646.1314266181732
0.020090692392301934	1646.1320946233864
0.02008975158178925	1646.1326997421202
0.02008881797130133	1646.1332428401822
0.020087891543411947	1646.133724781306
0.02008697227999701	1646.1341464269983
0.020086060162254126	1646.1345086363879
0.02008515517072185	1646.1348122660777
0.020084257285298585	1646.135058170002
0.02008336648526101	1646.1352471992864
0.02008248274928227	1646.1353802021108
0.02008160605544971	1646.135458023576
0.02008073638128231	1646.1354815055734
0.020079873703747718	1646.1354514866603
0.020079017999279008	1646.1353688019346
0.020078169243791008	1646.1352342829161
0.020077327412696355	1646.1350487574282
0.020076492480921207	1646.1348130494862
0.020075664422920598	1646.1345279791842
0.020074843212693497	1646.1341943625907
0.020074028823797545	1646.1338130116421
0.02007322122936346	1646.1333847340425
0.020072420402109166	1646.132910333163
0.020071626314353587	1646.1323906079483
0.020070838938030165	1646.1318263528244
0.020070058244700074	1646.1312183576065
0.020069284205565172	1646.1305674074142
0.020068516791480615	1646.1298742825852
0.020067755972967248	1646.1291397585958
0.020067001720223708	1646.1283646059799
0.020066254003138252	1646.1275495902537
0.020065512791300304	1646.126695471843
0.020064778054011814	1646.1258030060103
0.020064049760298287	1646.1248729427866
0.0200633278789196	1646.1239060269063
0.02006261237838059	1646.1229029977426
0.020061903226941374	1646.1218645892457
0.020061200392627456	1646.1207915298858
0.020060503843239624	1646.1196845425943
0.02005981354636357	1646.1185443447107
0.02005912946937936	1646.1173716479307
0.020058451579470633	1646.1161671582556
0.020057779843633623	1646.114931575945
0.02005711422868598	1646.1136655954724
0.020056454701275376	1646.1123699054797
0.020055801227887905	1646.1110451887378
0.02005515377485634	1646.1096921221065
0.02005451230836815	1646.1083113764976
0.020053876794473367	1646.1069036168392
0.02005324719909225	1646.1054695020432
0.020052623488022805	1646.104009684974
0.020052005626948127	1646.1025248124188
0.02005139358144354	1646.1010155250588
0.020050787316983634	1646.0994824574454
0.020050186798949102	1646.097926237976
0.02004959199263343	1646.0963474888695
0.020049002863249437	1646.094746826149
0.020048419375935687	1646.093124859621
0.020047841495762723	1646.0914821928598
0.02004726918773917	1646.0898194231897
0.020046702416817733	1646.088137141675
0.02004614114790101	1646.0864359331028
0.020045585345847217	1646.0847163759777
0.020045034975475745	1646.0829790425084
0.02004449000157264	1646.0812244986023
0.020043950388895913	1646.0794533038584
0.020043416102180776	1646.0776660115641
0.02004288710614471	1646.075863168691
0.020042363365492467	1646.0740453158912
0.02004184484492095	1646.0722129875014
0.020041331509123957	1646.0703667115386
0.02004082332279684	1646.068507009706
0.02004032025064107	1646.0666343973955
0.020039822257368695	1646.0647493836916
0.020039329307706678	1646.0628524713786
0.02003884136640118	1646.0609441569477
0.020038358398221694	1646.0590249306044
0.020037880367965145	1646.0570952762796
0.02003740724045986	1646.0551556716389
0.020036938980569474	1646.0532065880966
0.020036475553196702	1646.0512484908265
0.020036016923287128	1646.0492818387781
0.020035563055832786	1646.0473070846901
0.020035113915875764	1646.0453246751072
0.02003466946851167	1646.043335050398
0.02003422967889305	1646.0413386447722
0.020033794512232705	1646.0393358863014
0.020033363933806964	1646.0373271969372
0.020032937908958857	1646.0353129925338
0.020032516403101244	1646.0332936828702
0.020032099381719855	1646.0312696716721
0.020031686810376276	1646.0292413566362
0.02003127865471086	1646.0272091294553
0.02003087488044556	1646.025173375843
0.020030475453386733	1646.023134475561
0.020030080339427853	1646.021092802445
0.020029689504552174	1646.0190487244336
0.020029302914835328	1646.0170026035964
0.02002892053644786	1646.0149547961637
0.020028542335657734	1646.0129056525564
0.020028168278832737	1646.0108555174163
0.020027798332442868	1646.008804729639
0.020027432463062638	1646.0067536224037
0.020027070637373336	1646.004702523209
0.02002671282216527	1646.0026517539036
0.020026358984339868	1646.0006016307216
0.020026009090911834	1645.998552464317
0.020025663109011202	1645.9965045597987
0.020025321005885312	1645.994458216766
0.0200249827489008	1645.9924137293465
0.020024648305545494	1645.9903713862295
0.020024317643430288	1645.988331470707
0.020023990730290958	1645.9862942607085
0.020023667533989944	1645.9842600288418
0.020023348022518057	1645.98222904243
0.020023032163996188	1645.9802015635507
0.02002271992667695	1645.9781778490767
0.02002241127894625	1645.9761581507155
0.020022106189324877	1645.974142715049
0.02002180462646999	1645.972131783575
0.020021506559176623	1645.970125592748
0.020021211956379084	1645.9681243740215
0.020020920787152396	1645.9661283538883
0.020020633020713607	1645.9641377539238
0.020020348626423136	1645.9621527908282
0.020020067573786035	1645.9601736764696
0.020019789832453245	1645.9582006179255
0.02001951537222279	1645.9562338175283
0.020019244163040947	1645.9542734729068
0.020018976175003377	1645.9523197770318
0.020018711378356237	1645.9503729182582
0.02001844974349722	1645.9484330803703
0.020018191240976584	1645.946500442627
0.020017935841498153	1645.9445751798046
0.020017683515920266	1645.9426574622426
0.02001743423525672	1645.9407474558873
0.02001718797067764	1645.9388453223391
0.02001694469351035	1645.9369512188969
0.020016704375240203	1645.9350652986018
0.020016466987511354	1645.9331877102845
0.020016232502127564	1645.93131859861
0.020016000891052897	1645.9294581041227
0.02001577212641244	1645.927606363293
0.02001554618049298	1645.9257635085635
0.020015323025743628	1645.9239296683925
0.020015102634776447	1645.9221049673022
0.020014884980367034	1645.9202895259234
0.02001467003545507	1645.9184834610417
0.02001445777314486	1645.9166868856437
0.020014248166705814	1645.9148999089616
0.020014041189572923	1645.9131226365207
0.02001383681534721	1645.911355170185
0.02001363501779615	1645.9095976082021
0.020013435770854043	1645.9078500452488
0.020013239048622393	1645.9061125724793
0.02001304482537024	1645.9043852775674
0.02001285307553447	1645.9026682447554
0.020012663773720105	1645.9009615548973
0.020012476894700565	1645.899265285505
0.020012292413417895	1645.897579510794
0.020012110304983004	1645.895904301728
0.020011930544675822	1645.8942397260655
0.02001175310794548	1645.8925858484029
0.020011577970410446	1645.8909427302196
0.02001140510785865	1645.889310429925
0.02001123449624757	1645.8876890029005
0.02001106611170432	1645.8860785015459
0.020010899930525683	1645.8844789753218
0.020010735929178135	1645.882890470795
0.020010574084297884	1645.8813130316828
0.020010414372690816	1645.879746698896
0.02001025677133248	1645.8781915105826
0.020010101257368032	1645.8766475021716
0.020009947808112147	1645.8751147064158
0.020009796401048933	1645.873593153435
0.02000964701383181	1645.872082870759
0.02000949962428338	1645.8705838833698
0.020009354210395246	1645.8690962137443
0.020009210750327876	1645.8676198818964
0.02000906922241037	1645.8661549054184
0.020008929605140266	1645.8647012995234
0.020008791877183324	1645.8632590770853
0.020008656017373252	1645.8618282486823
0.02000852200471146	1645.8604088226361
0.020008389818366768	1645.8590008050528
0.0200082594376751	1645.8576041998624
0.020008130842139177	1645.8562190088617
0.020008004011428177	1645.8548452317507
0.020007878925377396	1645.853482866175
0.020007755563987865	1645.852131907763
0.020007633907425985	1645.8507923501659
0.020007513936023128	1645.8494641850962
0.020007395630275215	1645.8481474023658
0.0200072789708423	1645.8468419899255
0.020007163938548123	1645.8455479339002
0.020007050514379666	1645.844265218629
0.02000693867948667	1645.8429938267006
0.020006828415181158	1645.8417337389903
0.020006719702936927	1645.8404849346985
0.02000661252438907	1645.8392473913839
0.02000650686133341	1645.838021085002
0.020006402695726008	1645.8368059899399
0.020006300009682575	1645.8356020790507
0.020006198785477946	1645.8344093236897
0.020006099005545477	1645.8332276937472
0.02000600065247649	1645.8320571576849
0.020005903709019657	1645.8308976825685
0.02000580815808041	1645.829749234103
0.020005713982720302	1645.828611776663
0.020005621166156402	1645.827485273328
0.020005529691760646	1645.8263696859158
0.020005439543059174	1645.8252649750107
0.020005350703731706	1645.8241711000003
0.020005263157610847	1645.8230880191031
0.02000517688868142	1645.8220156894026
0.02000509188107977	1645.820954066876
0.020005008119093073	1645.8199031064264
0.02000492558715864	1645.8188627619115
0.020004844269863178	1645.8178329861755
0.0200047641519421	1645.816813731076
0.020004685218278775	1645.8158049475155
0.0200046074539038	1645.8148065854682
0.020004530843994246	1645.8138185940097
0.020004455373872916	1645.8128409213446
0.020004381029007583	1645.8118735148341
0.02000430779501022	1645.810916321024
0.02000423565763621	1645.8099692856715
0.020004164602783602	1645.8090323537715
0.0200040946164923	1645.8081054695833
0.020004025684943274	1645.8071885766558
0.020003957794457766	1645.806281617854
0.020003890931496487	1645.805384535385
0.02000382508265881	1645.8044972708208
0.020003760234681943	1645.8036197651247
0.02000369637444012	1645.8027519586742
0.020003633488943767	1645.801893791286
0.020003571565338697	1645.8010452022395
0.020003510590905244	1645.800206130299
0.02000345055305745	1645.7993765137378
0.020003391439342204	1645.7985562903598
0.02000333323743842	1645.7977453975209
0.020003275935156165	1645.796943772154
0.02000321952043582	1645.7961513507867
0.020003163981347206	1645.7953680695646
0.02000310930608875	1645.7945938642727
0.020003055482986604	1645.7938286703534
0.02000300250049379	1645.7930724229288
0.020002950347189328	1645.7923250568206
0.020002899011777358	1645.7915865065672
0.020002848483086286	1645.7908567064464
0.0200027987500679	1645.7901355904908
0.020002749801796477	1645.7894230925085
0.020002701627467933	1645.7887191461007
0.02000265421639894	1645.7880236846793
0.020002607558026013	1645.7873366414856
0.02000256164190467	1645.786657949606
0.020002516457708522	1645.7859875419895
0.020002471995228387	1645.785325351464
0.020002428244371418	1645.7846713107544
0.02000238519516022	1645.7840253524955
0.020002342837731946	1645.7833874092512
0.02000230116233743	1645.7827574135267
0.02000226015934027	1645.7821352977855
0.02000221981921598	1645.7815209944633
0.02000218013255108	1645.7809144359837
0.020002141090042197	1645.780315554771
0.020002102682495214	1645.7797242832642
0.020002064900824346	1645.7791405539315
0.02000202773605127	1645.7785642992835
0.02000199117930427	1645.7779954518853
0.020001955221817296	1645.7774339443708
0.020001919854929127	1645.7768797094539
0.020001885070082465	1645.7763326799407
0.020001850858823066	1645.7757927887421
0.020001817212798846	1645.7752599688856
0.02000178412375902	1645.7747341535255
0.020001751583553218	1645.774215275955
0.02000171958413061	1645.7737032696175
0.020001688117539038	1645.773198068116
0.020001657175924135	1645.7726996052243
0.020001626751528466	1645.7722078148965
0.020001596836690654	1645.7717226312773
0.020001567423844534	1645.7712439887118
0.020001538505518255	1645.7707718217546
0.02000151007433345	1645.770306065177
0.020001482123004354	1645.7698466539798
0.020001454644336985	1645.7693935233988
0.020001427631228256	1645.7689466089137
0.020001401076665138	1645.7685058462573
0.020001374973723816	1645.7680711714231
0.020001349315568854	1645.7676425206714
0.020001324095452324	1645.7672198305388
0.020001299306713006	1645.7668030378452
0.02000127494277552	1645.7663920796995
0.02000125099714952	1645.7659868935073
0.02000122746342886	1645.7655874169775
0.020001204335290762	1645.7651935881288
0.02000118160649499	1645.7648053452954
0.02000115927088305	1645.7644226271327
0.020001137322377363	1645.7640453726242
0.020001115754980467	1645.7636735210863
0.02000109456277419	1645.7633070121733
0.02000107373991886	1645.7629457858843
0.02000105328065252	1645.7625897825662
0.02000103317929011	1645.7622389429189
0.020001013430222675	1645.7618932080004
0.020000994027916608	1645.761552519232
0.02000097496691283	1645.7612168184003
0.020000956241826035	1645.760886047664
0.020000937847343914	1645.760560149555
0.020000919778226368	1645.760239066985
0.020000902029304764	1645.759922743247
0.020000884595481164	1645.7596111220191
0.020000867471727555	1645.759304147368
0.020000850653085118	1645.7590017637522
0.020000834134663466	1645.7587039160253
0.020000817911639907	1645.758410549437
0.020000801979258697	1645.7581216096369
0.020000786332830315	1645.757837042678
0.020000770967730723	1645.7575567950173
0.020000755879400645	1645.7572808135187
0.020000741063344856	1645.7570090454549
0.020000726515131448	1645.7567414385092
0.020000712230391123	1645.756477940777
0.020000698204816505	1645.7562185007687
0.02000068443416141	1645.7559630674102
0.02000067091424017	1645.755711590043
0.02000065764092694	1645.7554640184276
0.020000644610154987	1645.7552203027437
0.02000063181791604	1645.7549803935913
0.02000061926025959	1645.7547442419907
0.020000606933292232	1645.7545117993848
0.020000594833176986	1645.7542830176385
0.02000058295613264	1645.7540578490396
0.020000571298433096	1645.7538362462992
0.0200005598564067	1645.7536181625517
0.020000548626435626	1645.7534035513556
0.020000537604955196	1645.7531923666932
0.020000526788453276	1645.7529845629706
0.020000516173469624	1645.752780095018
0.020000505756595257	1645.7525789180886
0.020000495534471856	1645.7523809878592
0.02000048550379111	1645.752186260429
0.020000475661294148	1645.7519946923194
0.020000466003770888	1645.751806240474
0.02000045652805947	1645.7516208622576
0.020000447231045628	1645.7514385154552
0.02000043810966213	1645.751259158271
0.020000429160888157	1645.7510827493284
0.020000420381748756	1645.7509092476676
0.02000041176931423	1645.7507386127459
0.020000403320699595	1645.7505708044364
0.020000395033063997	1645.7504057830258
0.020000386903610144	1645.7502435092142
0.02000037892958376	1645.7500839441132
0.020000371108273043	1645.7499270492442
0.020000363437008097	1645.7497727865382
0.0200003559131604	1645.749621118333
0.020000348534142273	1645.749472007372
0.020000341297406334	1645.7493254168032
0.02000033420044499	1645.7491813101756
0.020000327240789897	1645.74903965144
0.020000320416011456	1645.7489004049453
0.020000313723718303	1645.7487635354369
0.020000307161556784	1645.748629008057
0.020000300727210468	1645.7484967883386
0.020000294418399654	1645.7483668422065
0.020000288232880865	1645.7482391359747
0.020000282168446373	1645.7481136363438
0.02000027622292371	1645.7479903103992
0.020000270394175197	1645.7478691256085
0.020000264680097454	1645.74775004982
0.020000259078620953	1645.7476330512595
0.020000253587709547	1645.7475180985293
0.02000024820536001	1645.7474051606048
0.020000242929601585	1645.7472942068323
0.020000237758495534	1645.7471852069268
0.0200002326901347	1645.7470781309696
0.02000022772264305	1645.7469729494064
0.020000222854175263	1645.7468696330432
0.020000218082916296	1645.7467681530454
0.020000213407080934	1645.7466684809347
0.020000208824913403	1645.7465705885863
0.020000204334686928	1645.7464744482268
0.02000019993470334	1645.746380032432
0.02000019562329266	1645.7462873141228
0.02000019139881268	1645.7461962665639
0.020000187259648614	1645.7461068633595
0.020000183204212638	1645.7460190784536
0.020000179230943552	1645.7459328861246
0.020000175338306374	1645.7458482609832
0.020000171524791967	1645.745765177971
0.02000016778891664	1645.745683612356
0.020000164129221818	1645.7456035397308
0.020000160544273643	1645.74552493601
0.020000157032662613	1645.745447777427
0.020000153593003233	1645.745372040531
0.020000150223933658	1645.7452977021853
0.02000014692411533	1645.7452247395634
0.020000143692232655	1645.7451531301463
0.020000140526992633	1645.7450828517206
0.020000137427124545	1645.7450138823756
0.020000134391379598	1645.7449462004988
0.020000131418530614	1645.7448797847753
0.02000012850737169	1645.744814614184
0.020000125656717868	1645.7447506679941
0.020000122865404847	1645.7446879257636
0.02000012013228863	1645.7446263673364
0.020000117456245255	1645.7445659728378
0.02000011483617045	1645.7445067226743
0.020000112270979347	1645.7444485975282
0.020000109759606186	1645.744391578357
0.020000107301004013	1645.7443356463891
0.020000104894144395	1645.7442807831221
0.020000102538017133	1645.7442269703188
0.020000100231629965	1645.7441741900054
0.020000097974008296	1645.7441224244685
0.02000009576419492	1645.7440716562521
0.020000093601249744	1645.7440218681559
0.020000091484249517	1645.7439730432297
0.02000008941228757	1645.7439251647752
0.020000087384473546	1645.7438782163385
0.02000008539993315	1645.743832181711
0.020000083457807884	1645.7437870449246
0.02000008155725479	1645.74374279025
0.02000007969744622	1645.743699402193
0.02000007787756956	1645.7436568654937
0.020000076096827028	1645.7436151651218
0.020000074354435397	1645.743574286275
0.02000007264962578	1645.7435342143758
0.020000070981643386	1645.74349493507
0.020000069349747296	1645.7434564342227
0.02000006775321024	1645.743418697917
0.020000066191318368	1645.7433817124504
0.02000006466337103	1645.743345464332
0.020000063168680554	1645.743309940281
0.020000061706572043	1645.7432751272238
0.020000060276383156	1645.7432410122915
0.020000058877463908	1645.7432075828165
0.020000057509176446	1645.7431748263318
0.02000005617089486	1645.7431427305662
0.020000054862004985	1645.743111283444
0.020000053581904202	1645.7430804730816
0.02000005233000124	1645.7430502877842
0.020000051105715986	1645.7430207160457
0.0200000499084793	1645.7429917465442
0.020000048737732826	1645.7429633681402
0.02000004759292881	1645.7429355698744
0.020000046473529917	1645.7429083409656
0.020000045379009058	1645.7428816708084
0.020000044308849205	1645.7428555489703
0.020000043262543232	1645.7428299651897
0.020000042239593736	1645.7428049093726
0.020000041239512874	1645.7427803715937
0.020000040261822186	1645.7427563420895
0.020000039306052455	1645.74273281126
0.020000038371743523	1645.7427097696648
0.02000003745844414	1645.7426872080202
0.020000036565711827	1645.7426651171993
0.0200000356931127	1645.7426434882275
0.02000003484022132	1645.742622312281
0.020000034006620555	1645.742601580686
0.02000003319190143	1645.7425812849156
0.020000032395662993	1645.7425614165877
0.02000003161751215	1645.742541967463
0.02000003085706354	1645.7425229294429
0.0200000301139394	1645.7425042945674
0.02000002938776942	1645.7424860550143
0.020000028678190614	1645.742468203096
0.020000027984847204	1645.7424507312573
0.02000002730739046	1645.7424336320748
0.020000026645478598	1645.742416898254
0.020000025998776642	1645.7424005226276
0.020000025366956307	1645.7423844981538
0.02000002474969588	1645.742368817914
0.020000024146680086	1645.742353475112
0.020000023557599993	1645.7423384630706
0.020000022982152872	1645.7423237752312
0.020000022420042108	1645.742309405152
0.020000021870977068	1645.7422953465052
0.020000021334673	1645.7422815930763
0.020000020810850935	1645.7422681387613
0.02000002029923755	1645.7422549775672
0.0200000197995651	1645.7422421036067
0.020000019311571277	1645.7422295111005
0.020000018834999144	1645.7422171943722
0.02000001836959702	1645.7422051478497
0.02000001791511838	1645.7421933660614
0.02000001747132175	1645.7421818436362
0.02000001703797065	1645.7421705753004
0.020000016614833437	1645.7421595558772
0.02000001620168327	1645.7421487802844
0.020000015798298004	1645.742138243534
0.02000001540446008	1645.7421279407306
0.02000001501995647	1645.7421178670681
0.020000014644578564	1645.7421080178306
0.02000001427812211	1645.7420983883892
0.020000013920387097	1645.7420889742023
0.02000001357117772	1645.7420797708132
0.02000001323030226	1645.7420707738477
0.02000001289757302	1645.7420619790148
0.020000012572806255	1645.742053382104
0.020000012255822076	1645.7420449789843
0.020000011946444407	1645.7420367656027
0.02000001164450087	1645.7420287379841
0.020000011349822752	1645.742020892228
0.020000011062244912	1645.742013224509
0.020000010781605713	1645.742005731074
0.020000010507746954	1645.7419984082428
0.020000010240513823	1645.741991252406
0.020000009979754797	1645.7419842600223
0.020000009725321597	1645.741977427621
0.02000000947706912	1645.7419707517965
0.020000009234855384	1645.7419642292105
0.020000008998541454	1645.741957856589
0.020000008767991392	1645.7419516307225
0.02000000854307218	1645.7419455484637
0.02000000832365369	1645.741939606727
0.020000008109608603	1645.7419338024877
0.020000007900812362	1645.7419281327798
0.020000007697143114	1645.741922594697
0.020000007498481655	1645.7419171853899
0.020000007304711392	1645.741911902065
0.020000007115718258	1645.7419067419848
0.020000006931390698	1645.7419017024667
0.020000006751619594	1645.7418967808812
0.020000006576298215	1645.7418919746513
0.02000000640532219	1645.7418872812511
0.020000006238589437	1645.7418826982073
0.020000006076000124	1645.7418782230943
0.02000000591745663	1645.7418738535368
0.020000005762863492	1645.7418695872068
0.020000005612127364	1645.741865421824
0.020000005465156966	1645.7418613551538
0.02000000532186306	1645.7418573850073
0.020000005182158376	1645.741853509241
0.020000005045957617	1645.7418497257545
0.020000004913177372	1645.7418460324907
0.020000004783736102	1645.7418424274344
0.020000004657554103	1645.741838908612
0.020000004534553455	1645.7418354740907
0.020000004414657994	1645.7418321219782
0.02000000429779327	1645.7418288504207
0.02000000418388652	1645.7418256576025
0.020000004072866603	1645.741822541747
0.02000000396466402	1645.7418195011132
0.02000000385921083	1645.7418165339975
0.020000003756440638	1645.7418136387316
0.02000000365628856	1645.7418108136824
0.020000003558691193	1645.7418080572506
0.02000000346358658	1645.7418053678712
0.02000000337091418	1645.7418027440121
0.02000000328061484	1645.7418001841727
0.020000003192630757	1645.7417976868855
0.02000000310690547	1645.7417952507144
0.0200000030233838	1645.741792874252
0.020000002942011853	1645.7417905561229
0.020000002862736975	1645.7417882949799
0.020000002785507728	1645.741786089505
0.020000002710273867	1645.7417839384084
0.02000000263698631	1645.7417818404283
0.020000002565597117	1645.7417797943303
0.020000002496059457	1645.7417777989056
0.020000002428327602	1645.7417758529725
0.020000002362356883	1645.7417739553748
0.02000000229810368	1645.7417721049812
0.020000002235525387	1645.7417703006852
0.020000002174580405	1645.7417685414043
0.02000000211522811	1645.7417668260798
0.02000000205742883	1645.7417651536755
0.020000002001143827	1645.741763523179
0.02000000194633528	1645.7417619335997
0.020000001892966267	1645.7417603839688
0.020000001841000734	1645.7417588733383
0.02000000179040348	1645.741757400782
0.02000000174114014	1645.741755965394
0.02000000169317717	1645.7417545662884
0.020000001646481816	1645.7417532025986
0.020000001601022117	1645.7417518734783
0.02000000155676688	1645.7417505780993
0.020000001513685636	1645.7417493156522
0.020000001471748664	1645.7417480853455
0.02000000143092695	1645.7417468864057
0.020000001391192172	1645.7417457180766
0.020000001352516703	1645.741744579619
0.020000001314873575	1645.741743470311
0.02000000127823647	1645.741742389446
0.0200000012425797	1645.7417413363337
0.020000001207878215	1645.7417403103007
0.020000001174107558	1645.741739310687
0.020000001141243878	1645.7417383368488
0.020000001109263886	1645.7417373881567
0.020000001078144883	1645.7417364639962
0.0200000010478647	1645.7417355637654
0.02000000101840174	1645.7417346868776
0.0200000009897349	1645.7417338327596
0.02000000096184362	1645.7417330008507
0.020000000934707832	1645.7417321906037
0.020000000908307967	1645.7417314014838
0.020000000882624935	1645.7417306329685
0.020000000857640112	1645.7417298845478
0.020000000833335342	1645.7417291557233
0.02000000080969292	1645.7417284460075
0.02000000078669557	1645.7417277549257
0.020000000764326446	1645.7417270820135
0.020000000742569118	1645.7417264268172
0.020000000721407573	1645.7417257888947
0.020000000700826196	1645.7417251678123
0.020000000680809756	1645.7417245631489
0.020000000661343404	1645.7417239744918
0.020000000642412665	1645.7417234014383
0.020000000624003422	1645.7417228435957
0.020000000606101912	1645.7417223005805
0.02000000058869473	1645.7417217720176
0.02000000057176879	1645.7417212575415
0.020000000555311342	1645.7417207567953
0.02000000053930996	1645.7417202694303
0.020000000523752542	1645.7417197951072
0.020000000508627276	1645.7417193334934
0.020000000493922657	1645.7417188842649
0.020000000479627467	1645.7417184471055
0.020000000465730777	1645.7417180217074
0.020000000452221937	1645.7417176077686
0.02000000043909056	1645.7417172049957
0.020000000426326544	1645.7417168131017
0.02000000041392002	1645.7417164318065
0.02000000040186139	1645.7417160608377
0.020000000390141284	1645.7417156999284
0.020000000378750594	1645.7417153488188
0.020000000367680435	1645.7417150072558
0.020000000356922152	1645.7417146749922
0.020000000346467307	1645.7417143517857
0.020000000336307694	1645.7417140374016
0.020000000326435303	1645.7417137316102
0.020000000316842344	1645.7417134341872
0.020000000307521217	1645.7417131449154
0.020000000298464528	1645.7417128635802
0.02000000028966507	1645.7417125899751
0.020000000281115825	1645.7417123238968
0.02000000027280997	1645.7417120651478
0.020000000264740837	1645.7417118135359
0.020000000256901955	1645.7417115688725
0.020000000249286998	1645.7417113309748
0.02000000024188983	1645.741711099664
0.02000000023470446	1645.7417108747659
0.02000000022772506	1645.741710656111
0.020000000220945963	1645.7417104435337
0.020000000214361636	1645.7417102368724
0.0200000002079667	1645.7417100359705
0.020000000201755918	1645.7417098406736
0.020000000195724187	1645.7417096508327
0.02000000018986655	1645.7417094663024
0.02000000018417817	1645.74170928694
0.020000000178654342	1645.7417091126079
0.02000000017329049	1645.7417089431708
0.020000000168082156	1645.741708778497
0.020000000163024997	1645.741708618459
0.020000000158114796	1645.7417084629312
0.02000000015334744	1645.7417083117928
0.02000000014871893	1645.7417081649248
0.020000000144225375	1645.7417080222122
0.02000000013986299	1645.7417078835422
0.020000000135628086	1645.7417077488049
0.020000000131517072	1645.7417076178936
0.02000000012752646	1645.7417074907041
0.020000000123652856	1645.7417073671354
0.020000000119892957	1645.7417072470892
0.020000000116243543	1645.7417071304683
0.02000000011270149	1645.7417070171796
0.020000000109263755	1645.7417069071319
0.020000000105927375	1645.7417068002362
0.02000000010268947	1645.741706696406
0.020000000099547235	1645.7417065955572
0.020000000096497952	1645.741706497607
0.02000000009353897	1645.741706402476
0.020000000090667703	1645.7417063100863
0.02000000008788165	1645.7417062203626
0.020000000085178368	1645.7417061332303
0.020000000082555484	1645.7417060486182
0.020000000080010696	1645.741705966456
0.020000000077541755	1645.7417058866754
0.020000000075146483	1645.7417058092103
0.020000000072822755	1645.7417057339962
0.020000000070568513	1645.7417056609706
0.020000000068381745	1645.7417055900717
0.020000000066260504	1645.7417055212404
0.02000000006420289	1645.7417054544187
0.02000000006220706	1645.7417053895497
0.020000000060271222	1645.7417053265788
0.020000000058393634	1645.7417052654525
0.020000000056572598	1645.7417052061187
0.020000000054806465	1645.7417051485274
0.020000000053093638	1645.7417050926285
0.020000000051432553	1645.741705038375
0.020000000049821703	1645.741704985719
0.02000000004825962	1645.741704934616
0.02000000004674487	1645.7417048850223
0.020000000045276058	1645.7417048368939
0.02000000004385184	1645.7417047901893
0.0200000000424709	1645.741704744868
0.020000000041131966	1645.7417047008905
0.02000000003983379	1645.7417046582177
0.020000000038575175	1645.741704616813
0.020000000037354942	1645.7417045766392
0.020000000036171958	1645.7417045376617
0.02000000003502512	1645.7417044998451
0.02000000003391334	1645.7417044631559
0.020000000032835585	1645.741704427562
0.020000000031790834	1645.7417043930313
0.020000000030778106	1645.741704359533
0.020000000029796433	1645.741704327037
0.02000000002884489	1645.7417042955142
0.020000000027922574	1645.7417042649365
0.020000000027028602	1645.7417042352758
0.020000000026162125	1645.741704206505
0.020000000025322304	1645.741704178598
0.020000000024508333	1645.7417041515296
0.02000000002371944	1645.741704125275
0.020000000022954847	1645.7417040998105
0.020000000022213818	1645.7417040751127
0.020000000021495636	1645.7417040511582
0.0200000000207996	1645.7417040279247
0.02000000002012503	1645.7417040053908
0.020000000019471272	1645.7417039835364
0.02000000001883768	1645.74170396234
0.02000000001822363	1645.741703941782
0.020000000017628517	1645.7417039218435
0.020000000017051746	1645.741703902505
0.020000000016492752	1645.7417038837484
0.020000000015950977	1645.741703865557
0.02000000001542588	1645.741703847912
0.02000000001491693	1645.741703830798
0.020000000014423615	1645.741703814197
0.020000000013945446	1645.741703798094
0.02000000001348193	1645.7417037824732
0.0200000000130326	1645.7417037673192
0.020000000012596997	1645.7417037526175
0.02000000001217468	1645.7417037383536
0.020000000011765204	1645.7417037245136
0.020000000011368153	1645.7417037110836
0.02000000001098312	1645.7417036980505
0.020000000010609708	1645.7417036854013
0.020000000010247515	1645.7417036731233
0.02000000000989617	1645.7417036612044
0.020000000009555298	1645.741703649632
0.020000000009224545	1645.741703638395
0.020000000008903552	1645.7417036274817
0.02000000000859198	1645.7417036168808
0.020000000008289498	1645.7417036065806
0.020000000007995775	1645.7417035965714
0.020000000007710482	1645.7417035868423
0.020000000007433322	1645.7417035773829
0.020000000007163985	1645.7417035681835
0.020000000006902167	1645.7417035592343
0.020000000006647582	1645.741703550525
0.020000000006399947	1645.7417035420465
0.02000000000615898	1645.7417035337896
0.020000000005924404	1645.7417035257452
0.02000000000569595	1645.7417035179037
0.02000000000547336	1645.7417035102567
0.020000000005256365	1645.7417035027954
0.02000000000504471	1645.7417034955115
0.02000000000483815	1645.7417034883963
0.020000000004636434	1645.7417034814412
0.02000000000443931	1645.7417034746375
0.020000000004246545	1645.741703467978
0.020000000004057897	1645.7417034614537
0.020000000003873124	1645.741703455057
0.020000000003692	1645.7417034487796
0.020000000003514287	1645.7417034426142
0.020000000003339756	1645.741703436552
0.02000000000316818	1645.7417034305852
0.02000000000299933	1645.7417034247055
0.020000000002832977	1645.7417034189052
0.020000000002668886	1645.7417034131765
0.020000000002506835	1645.7417034075117
0.0200000000023466	1645.7417034019022
0.02000000000218794	1645.74170339634
0.020000000002030636	1645.7417033908173
0.020000000001874452	1645.7417033853255
0.02000000000171916	1645.741703379856
0.020000000001564516	1645.7417033744007
0.02000000000141029	1645.7417033689514
0.02000000000125624	1645.7417033634993
0.020000000001102115	1645.7417033580355
0.020000000000947676	1645.7417033525503
0.020000000000792672	1645.7417033470351
0.02000000000063684	1645.7417033414804
0.020000000000479932	1645.7417033358768
0.02000000000032167	1645.7417033302142
0.020000000000161784	1645.7417033244828
0.02	1645.7417033186725
0.019999999999838217	1645.7417033128622
