0.02	1645.7417033186725
0.020000000000000025	1645.7417033186725
0.020000000000000052	1645.7417033186725
0.020000000000000084	1645.7417033186723
0.020000000000000115	1645.741703318672
0.02000000000000015	1645.7417033186716
0.020000000000000188	1645.741703318671
0.02000000000000023	1645.7417033186703
0.020000000000000275	1645.7417033186694
0.02000000000000032	1645.7417033186682
0.020000000000000368	1645.741703318667
0.02000000000000042	1645.7417033186657
0.020000000000000472	1645.7417033186641
0.020000000000000528	1645.7417033186625
0.020000000000000587	1645.7417033186607
0.020000000000000646	1645.7417033186587
0.020000000000000708	1645.7417033186566
0.020000000000000774	1645.7417033186543
0.020000000000000843	1645.7417033186518
0.020000000000000913	1645.7417033186493
0.020000000000000986	1645.7417033186464
0.020000000000001062	1645.7417033186434
0.020000000000001142	1645.7417033186402
0.020000000000001225	1645.7417033186368
0.020000000000001312	1645.7417033186334
0.0200000000000014	1645.7417033186298
0.020000000000001492	1645.741703318626
0.02000000000000159	1645.741703318622
0.02000000000000169	1645.7417033186177
0.020000000000001794	1645.7417033186134
0.020000000000001905	1645.7417033186089
0.02000000000000202	1645.741703318604
0.020000000000002138	1645.741703318599
0.02000000000000226	1645.7417033185939
0.020000000000002387	1645.7417033185884
0.02000000000000252	1645.741703318583
0.020000000000002655	1645.741703318577
0.020000000000002797	1645.741703318571
0.020000000000002943	1645.7417033185645
0.02000000000000309	1645.741703318558
0.020000000000003248	1645.741703318551
0.02000000000000341	1645.7417033185438
0.020000000000003577	1645.7417033185363
0.02000000000000375	1645.7417033185284
0.020000000000003935	1645.7417033185202
0.020000000000004126	1645.7417033185118
0.020000000000004327	1645.741703318503
0.02000000000000454	1645.7417033184938
0.020000000000004757	1645.7417033184845
0.020000000000004986	1645.7417033184747
0.02000000000000523	1645.7417033184647
0.02000000000000548	1645.7417033184545
0.02000000000000574	1645.7417033184438
0.020000000000006013	1645.7417033184329
0.020000000000006294	1645.7417033184213
0.02000000000000659	1645.7417033184092
0.020000000000006894	1645.7417033183965
0.020000000000007213	1645.741703318383
0.020000000000007543	1645.741703318369
0.020000000000007886	1645.7417033183542
0.020000000000008244	1645.741703318339
0.02000000000000862	1645.7417033183228
0.02000000000000901	1645.7417033183062
0.02000000000000942	1645.7417033182887
0.020000000000009843	1645.7417033182708
0.020000000000010287	1645.741703318252
0.02000000000001075	1645.7417033182323
0.02000000000001123	1645.7417033182119
0.02000000000001173	1645.7417033181907
0.02000000000001225	1645.7417033181687
0.020000000000012792	1645.741703318146
0.020000000000013354	1645.741703318122
0.020000000000013944	1645.7417033180973
0.020000000000014555	1645.7417033180711
0.020000000000015193	1645.741703318044
0.020000000000015856	1645.7417033180157
0.020000000000016546	1645.7417033179863
0.020000000000017268	1645.7417033179556
0.020000000000018017	1645.7417033179236
0.020000000000018798	1645.7417033178904
0.020000000000019613	1645.7417033178558
0.02000000000002046	1645.7417033178199
0.02000000000002134	1645.7417033177821
0.020000000000022257	1645.741703317743
0.02000000000002321	1645.7417033177023
0.020000000000024203	1645.7417033176598
0.020000000000025234	1645.7417033176157
0.02000000000002631	1645.7417033175698
0.02000000000002743	1645.741703317522
0.020000000000028603	1645.741703317472
0.02000000000002983	1645.7417033174202
0.020000000000031114	1645.741703317366
0.020000000000032457	1645.7417033173099
0.020000000000033862	1645.7417033172514
0.020000000000035333	1645.7417033171905
0.02000000000003687	1645.741703317127
0.020000000000038477	1645.7417033170611
0.020000000000040156	1645.7417033169927
0.020000000000041908	1645.7417033169213
0.020000000000043736	1645.741703316847
0.020000000000045648	1645.7417033167696
0.020000000000047643	1645.7417033166894
0.020000000000049725	1645.7417033166057
0.020000000000051896	1645.7417033165189
0.02000000000005416	1645.7417033164281
0.020000000000056518	1645.7417033163335
0.020000000000058978	1645.7417033162346
0.02000000000006154	1645.7417033161312
0.020000000000064216	1645.7417033160234
0.020000000000067002	1645.7417033159106
0.02000000000006991	1645.7417033157928
0.020000000000072935	1645.74170331567
0.02000000000007609	1645.7417033155418
0.020000000000079385	1645.7417033154081
0.02000000000008282	1645.7417033152685
0.020000000000086407	1645.741703315123
0.02000000000009015	1645.7417033149711
0.020000000000094054	1645.7417033148129
0.020000000000098127	1645.7417033146478
0.020000000000102373	1645.741703314476
0.0200000000001068	1645.7417033142967
0.02000000000011141	1645.74170331411
0.020000000000116216	1645.7417033139154
0.02000000000012122	1645.7417033137128
0.020000000000126434	1645.7417033135016
0.02000000000013187	1645.7417033132817
0.02000000000013754	1645.7417033130525
0.020000000000143448	1645.7417033128138
0.02000000000014961	1645.7417033125655
0.020000000000156032	1645.7417033123068
0.020000000000162724	1645.7417033120378
0.020000000000169695	1645.7417033117572
0.020000000000176956	1645.7417033114646
0.020000000000184523	1645.7417033111597
0.020000000000192412	1645.7417033108422
0.020000000000200635	1645.7417033105116
0.020000000000209198	1645.7417033101674
0.020000000000218114	1645.7417033098088
0.020000000000227402	1645.7417033094353
0.02000000000023708	1645.7417033090464
0.020000000000247164	1645.7417033086417
0.02000000000025767	1645.7417033082204
0.020000000000268605	1645.741703307782
0.020000000000279995	1645.741703307326
0.02000000000029186	1645.7417033068507
0.02000000000030422	1645.7417033063557
0.02000000000031709	1645.7417033058402
0.02000000000033049	1645.7417033053039
0.020000000000344447	1645.7417033047454
0.020000000000358977	1645.741703304164
0.020000000000374104	1645.7417033035592
0.02000000000038985	1645.7417033029299
0.02000000000040624	1645.7417033022755
0.02000000000042331	1645.7417033015947
0.020000000000441078	1645.7417033008858
0.020000000000459577	1645.7417033001475
0.020000000000478833	1645.741703299379
0.020000000000498876	1645.7417032985795
0.020000000000519734	1645.741703297748
0.020000000000541442	1645.7417032968826
0.020000000000564035	1645.7417032959825
0.020000000000587548	1645.741703295046
0.02000000000061202	1645.7417032940718
0.020000000000637484	1645.741703293059
0.020000000000663976	1645.7417032920052
0.020000000000691534	1645.7417032909093
0.020000000000720213	1645.7417032897697
0.020000000000750053	1645.7417032885849
0.020000000000781098	1645.7417032873525
0.020000000000813388	1645.741703286071
0.020000000000846983	1645.7417032847386
0.020000000000881927	1645.7417032833532
0.020000000000918276	1645.7417032819128
0.020000000000956083	1645.7417032804153
0.02000000000099541	1645.7417032788587
0.020000000001036307	1645.7417032772405
0.02000000000107884	1645.7417032755584
0.02000000000112307	1645.74170327381
0.02000000000116907	1645.7417032719925
0.0200000000012169	1645.7417032701037
0.020000000001266633	1645.7417032681408
0.020000000001318345	1645.7417032661006
0.020000000001372108	1645.7417032639803
0.020000000001428007	1645.7417032617761
0.020000000001486117	1645.7417032594851
0.02000000000154653	1645.7417032571045
0.02000000000160933	1645.7417032546311
0.02000000000167461	1645.7417032520611
0.020000000001742457	1645.7417032493913
0.020000000001812984	1645.741703246618
0.020000000001886287	1645.741703243737
0.02000000000196247	1645.7417032407438
0.020000000002041638	1645.741703237635
0.020000000002123913	1645.7417032344058
0.02000000000220941	1645.7417032310518
0.020000000002298256	1645.7417032275687
0.020000000002390567	1645.7417032239505
0.02000000000248648	1645.7417032201927
0.020000000002586133	1645.7417032162903
0.020000000002689665	1645.7417032122373
0.020000000002797225	1645.7417032080289
0.02000000000290896	1645.741703203659
0.020000000003025035	1645.7417031991222
0.02000000000314561	1645.7417031944121
0.020000000003270846	1645.7417031895225
0.020000000003400926	1645.7417031844457
0.020000000003536023	1645.7417031791754
0.020000000003676334	1645.741703173704
0.02000000000382205	1645.7417031680247
0.020000000003973374	1645.74170316213
0.02000000000413051	1645.7417031560124
0.020000000004293677	1645.7417031496627
0.020000000004463104	1645.7417031430725
0.020000000004639015	1645.7417031362334
0.020000000004821654	1645.7417031291359
0.02000000000501127	1645.7417031217708
0.02000000000520812	1645.741703114129
0.02000000000541247	1645.7417031061998
0.0200000000056246	1645.741703097973
0.020000000005844794	1645.7417030894376
0.02000000000607335	1645.7417030805825
0.020000000006310577	1645.7417030713957
0.02000000000655679	1645.741703061866
0.020000000006812315	1645.7417030519807
0.020000000007077502	1645.7417030417273
0.0200000000073527	1645.741703031092
0.02000000000763827	1645.7417030200606
0.02000000000793459	1645.7417030086203
0.02000000000824206	1645.7417029967555
0.02000000000856108	1645.741702984451
0.020000000008892068	1645.7417029716917
0.020000000009235457	1645.7417029584612
0.0200000000095917	1645.7417029447427
0.02000000000996126	1645.7417029305184
0.02000000001034462	1645.7417029157707
0.02000000001074228	1645.741702900481
0.020000000011154744	1645.74170288463
0.020000000011582555	1645.741702868198
0.020000000012026262	1645.7417028511647
0.020000000012486432	1645.7417028335083
0.02000000001296367	1645.7417028152072
0.020000000013458568	1645.7417027962385
0.02000000001397176	1645.7417027765787
0.020000000014503912	1645.7417027562035
0.02000000001505569	1645.741702735088
0.020000000015627798	1645.7417027132065
0.020000000016220952	1645.741702690532
0.020000000016835908	1645.7417026670369
0.020000000017473433	1645.7417026426926
0.02000000001813433	1645.7417026174694
0.02000000001881943	1645.741702591337
0.02000000001952958	1645.7417025642633
0.020000000020265665	1645.741702536216
0.0200000000210286	1645.7417025071618
0.020000000021819335	1645.7417024770648
0.020000000022638846	1645.74170244589
0.020000000023488142	1645.7417024136003
0.020000000024368268	1645.7417023801568
0.020000000025280296	1645.7417023455203
0.020000000026225345	1645.7417023096493
0.020000000027204572	1645.741702272502
0.02000000002821917	1645.7417022340346
0.02000000002927037	1645.7417021942017
0.02000000003035944	1645.7417021529566
0.020000000031487702	1645.7417021102513
0.020000000032656513	1645.7417020660362
0.02000000003386728	1645.7417020202602
0.02000000003512145	1645.7417019728703
0.020000000036420527	1645.741701923812
0.020000000037766055	1645.7417018730278
0.020000000039159638	1645.74170182046
0.020000000040602928	1645.7417017660487
0.02000000004209764	1645.741701709731
0.020000000043645536	1645.7417016514426
0.020000000045248434	1645.7417015911183
0.02000000004690822	1645.7417015286896
0.02000000004862684	1645.741701464086
0.0200000000504063	1645.7417013972345
0.020000000052248678	1645.7417013280594
0.020000000054156118	1645.741701256484
0.02000000005613083	1645.7417011824282
0.020000000058175094	1645.741701105809
0.02000000006029127	1645.7417010265417
0.02000000006248179	1645.741700944538
0.020000000064749175	1645.7417008597076
0.020000000067096017	1645.741700771957
0.020000000069524997	1645.7417006811902
0.02000000007203888	1645.7417005873067
0.02000000007464052	1645.7417004902045
0.02000000007733287	1645.7417003897776
0.02000000008011897	1645.741700285917
0.020000000083001963	1645.74170017851
0.020000000085985088	1645.7417000674402
0.020000000089071684	1645.741699952588
0.020000000092265213	1645.74169983383
0.02000000009556923	1645.7416997110386
0.020000000098987412	1645.7416995840833
0.02000000010252355	1645.7416994528282
0.020000000106181567	1645.7416993171337
0.020000000109965492	1645.7416991768562
0.020000000113879493	1645.741699031847
0.020000000117927866	1645.7416988819532
0.020000000122115055	1645.7416987270176
0.02000000012644562	1645.7416985668776
0.020000000130924282	1645.7416984013662
0.020000000135555907	1645.7416982303102
0.020000000140345517	1645.7416980535322
0.020000000145298284	1645.7416978708488
0.020000000150419552	1645.7416976820707
0.020000000155714823	1645.741697487004
0.02000000016118977	1645.7416972854483
0.020000000166850253	1645.741697077197
0.02000000017270231	1645.7416968620373
0.02000000017875217	1645.7416966397495
0.020000000185006236	1645.7416964101083
0.02000000019147114	1645.7416961728807
0.0200000001981537	1645.7416959278266
0.02000000020506094	1645.7416956747
0.020000000212200116	1645.7416954132464
0.0200000002195787	1645.7416951432037
0.020000000227204395	1645.7416948643022
0.02000000023508514	1645.7416945762648
0.020000000243229118	1645.7416942788045
0.02000000025164476	1645.7416939716275
0.020000000260340753	1645.7416936544303
0.020000000269326062	1645.7416933269005
0.020000000278609913	1645.7416929887172
0.020000000288201817	1645.741692639549
0.020000000298111574	1645.7416922790553
0.020000000308349277	1645.7416919068853
0.02000000031892533	1645.741691522678
0.020000000329850456	1645.741691126062
0.020000000341135686	1645.7416907166546
0.020000000352792396	1645.7416902940624
0.02000000036483231	1645.7416898578801
0.02000000037726749	1645.741689407691
0.020000000390110358	1645.7416889430656
0.020000000403373727	1645.7416884635627
0.020000000417070785	1645.741687968728
0.020000000431215106	1645.7416874580936
0.020000000445820672	1645.7416869311787
0.020000000460901893	1645.741686387489
0.02000000047647359	1645.741685826515
0.020000000492551035	1645.7416852477336
0.020000000509149952	1645.741684650605
0.020000000526286525	1645.7416840345763
0.02000000054397742	1645.7416833990776
0.02000000056223979	1645.741682743522
0.020000000581091307	1645.741682067307
0.020000000600550145	1645.7416813698126
0.020000000620635016	1645.7416806504011
0.020000000641365187	1645.7416799084174
0.02000000066276049	1645.7416791431867
0.020000000684841323	1645.7416783540166
0.020000000707628692	1645.741677540194
0.020000000731144208	1645.7416767009856
0.02000000075541011	1645.7416758356394
0.02000000078044929	1645.7416749433803
0.020000000806285296	1645.7416740234125
0.020000000832942358	1645.7416730749176
0.02000000086044541	1645.741672097055
0.020000000888820105	1645.7416710889597
0.02000000091809283	1645.7416700497436
0.020000000948290735	1645.7416689784939
0.02000000097944174	1645.7416678742723
0.020000001011574578	1645.7416667361144
0.0200000010447188	1645.7416655630293
0.020000001078904796	1645.7416643539996
0.02000000111416382	1645.7416631079789
0.02000000115052803	1645.7416618238929
0.020000001188030483	1645.7416605006376
0.020000001226705182	1645.741659137079
0.02000000126658709	1645.7416577320523
0.02000000130771216	1645.7416562843605
0.020000001350117366	1645.7416547927746
0.02000000139384071	1645.7416532560317
0.020000001438921274	1645.741651672835
0.020000001485399235	1645.7416500418533
0.020000001533315902	1645.7416483617196
0.020000001582713728	1645.7416466310292
0.02000000163363637	1645.74164484834
0.02000000168612869	1645.7416430121712
0.020000001740236802	1645.7416411210033
0.02000000179600811	1645.741639173275
0.020000001853491323	1645.741637167384
0.020000001912736508	1645.7416351016857
0.020000001973795117	1645.7416329744908
0.020000002036720026	1645.7416307840665
0.020000002101565557	1645.7416285286333
0.020000002168387546	1645.7416262063657
0.02000000223724335	1645.7416238153894
0.02000000230819191	1645.741621353781
0.020000002381293767	1645.7416188195666
0.020000002456611134	1645.7416162107204
0.020000002534207913	1645.7416135251638
0.020000002614149755	1645.7416107607648
0.020000002696504086	1645.741607915335
0.020000002781340172	1645.741604986629
0.02000000286872916	1645.7416019723437
0.020000002958744115	1645.741598870117
0.02000000305146008	1645.7415956775246
0.020000003146954128	1645.74159239208
0.0200000032453054	1645.7415890112334
0.020000003346595168	1645.741585532369
0.020000003450906887	1645.7415819528046
0.02000000355832624	1645.7415782697888
0.020000003668941217	1645.7415744804998
0.02000000378284214	1645.741570582045
0.020000003900121757	1645.7415665714568
0.02000000402087526	1645.7415624456937
0.020000004145200395	1645.741558201637
0.020000004273197484	1645.7415538360883
0.020000004404969508	1645.7415493457697
0.02000000454062217	1645.7415447273206
0.02000000468026396	1645.7415399772951
0.020000004824006226	1645.7415350921626
0.020000004971963248	1645.7415300683033
0.02000000512425229	1645.7415249020062
0.020000005280993702	1645.7415195894705
0.020000005442310974	1645.7415141267982
0.02000000560833082	1645.741508509996
0.020000005779183254	1645.7415027349723
0.02000000595500167	1645.741496797533
0.020000006135922933	1645.7414906933825
0.02000000632208745	1645.741484418118
0.020000006513639267	1645.7414779672292
0.020000006710726135	1645.7414713360959
0.020000006913499624	1645.7414645199842
0.020000007122115204	1645.7414575140456
0.02000000733673233	1645.7414503133134
0.02000000755751456	1645.7414429127
0.020000007784629625	1645.741435306995
0.020000008018249547	1645.7414274908622
0.020000008258550736	1645.7414194588362
0.020000008505714085	1645.7414112053202
0.02000000875992509	1645.7414027245832
0.020000009021373957	1645.7413940107565
0.020000009290255694	1645.7413850578318
0.020000009566770244	1645.7413758596567
0.0200000098511226	1645.7413664099327
0.020000010143522907	1645.7413567022122
0.0200000104441866	1645.741346729894
0.020000010753334508	1645.7413364862214
0.020000011071192994	1645.7413259642776
0.02000001139799409	1645.7413151569838
0.0200000117339756	1645.741304057094
0.020000012079381256	1645.741292657193
0.020000012434460857	1645.7412809496923
0.0200000127994704	1645.7412689268256
0.02000001317467221	1645.741256580647
0.020000013560335105	1645.7412439030247
0.020000013956734532	1645.7412308856399
0.02000001436415273	1645.7412175199802
0.02000001478287887	1645.741203797337
0.020000015213209214	1645.7411897088016
0.020000015655447293	1645.741175245261
0.020000016109904047	1645.7411603973933
0.02000001657689801	1645.7411451556623
0.02000001705675547	1645.7411295103163
0.02000001754981065	1645.7411134513802
0.02000001805640587	1645.7410969686532
0.02000001857689176	1645.7410800517036
0.02000001911162742	1645.7410626898634
0.020000019660980597	1645.7410448722246
0.020000020225327913	1645.7410265876333
0.02000002080505503	1645.7410078246862
0.02000002140055687	1645.7409885717248
0.02000002201223781	1645.7409688168295
0.020000022640511886	1645.7409485478158
0.020000023285803012	1645.740927752228
0.020000023948545192	1645.7409064173346
0.020000024629182746	1645.740884530123
0.02000002532817053	1645.7408620772924
0.02000002604597417	1645.7408390452501
0.020000026783070283	1645.740815420105
0.020000027539946733	1645.7407911876614
0.020000028317102864	1645.7407663334136
0.020000029115049747	1645.7407408425397
0.020000029934310427	1645.740714699896
0.020000030775420202	1645.74068789001
0.02000003163892686	1645.7406603970742
0.02000003252539095	1645.740632204941
0.02000003343538608	1645.7406032971148
0.020000034369499146	1645.740573656745
0.02000003532833067	1645.7405432666214
0.020000036312495043	1645.7405121091651
0.02000003732262084	1645.740480166423
0.020000038359351126	1645.7404474200605
0.020000039423343732	1645.7404138513552
0.020000040515271586	1645.740379441187
0.02000004163582303	1645.7403441700342
0.020000042785702134	1645.7403080179631
0.020000043965629023	1645.7402709646226
0.020000045176340225	1645.7402329892354
0.020000046418588976	1645.7401940705904
0.02000004769314561	1645.7401541870352
0.02000004900079789	1645.7401133164678
0.020000050342351347	1645.7400714363284
0.02000005171862969	1645.740028523591
0.020000053130475138	1645.7399845547554
0.02000005457874882	1645.739939505839
0.02000005606433115	1645.739893352367
0.020000057588122233	1645.7398460693657
0.020000059151042242	1645.7397976313512
0.020000060754031844	1645.739748012322
0.020000062398052607	1645.7396971857502
0.02000006408408742	1645.7396451245709
0.02000006581314092	1645.7395918011741
0.02000006758623994	1645.7395371873947
0.020000069404433937	1645.7394812545026
0.020000071268795442	1645.739423973194
0.020000073180420543	1645.7393653135803
0.02000007514042933	1645.7393052451782
0.02000007714996637	1645.7392437369012
0.020000079210201208	1645.7391807570482
0.020000081322328837	1645.7391162732922
0.020000083487570222	1645.7390502526714
0.020000085707172793	1645.7389826615783
0.020000087982410965	1645.7389134657474
0.020000090314586667	1645.7388426302466
0.02000009270502988	1645.7387701194646
0.020000095155099176	1645.7386958971
0.020000097666182274	1645.7386199261496
0.02000010023969661	1645.7385421688984
0.020000102877089896	1645.7384625869072
0.020000105579840714	1645.738381140999
0.0200001083494591	1645.7382977912507
0.020000111187487155	1645.7382124969781
0.02000011409549964	1645.7381252167254
0.02000011707510461	1645.7380359082522
0.020000120127944058	1645.7379445285217
0.020000123255694526	1645.737851033687
0.020000126460067782	1645.7377553790798
0.020000129742811484	1645.7376575191959
0.020000133105709826	1645.7375574076843
0.02000013655058426	1645.7374549973326
0.02000014007929417	1645.7373502400535
0.020000143693737586	1645.737243086873
0.020000147395851906	1645.7371334879147
0.020000151187614605	1645.737021392388
0.020000155071044006	1645.7369067485731
0.02000015904820002	1645.7367895038074
0.020000163121184907	1645.7366696044721
0.020000167292144058	1645.7365469959761
0.02000017156326678	1645.7364216227438
0.020000175936787108	1645.7362934281996
0.0200001804149846	1645.7361623547522
0.020000185000185196	1645.7360283437818
0.020000189694762027	1645.7358913356236
0.020000194501136274	1645.7357512695532
0.020000199421778046	1645.7356080837717
0.020000204459207246	1645.7354617153903
0.02000020961599447	1645.735312100414
0.020000214894761906	1645.7351591737267
0.02000022029818427	1645.7350028690762
0.020000225828989717	1645.7348431190567
0.020000231489960798	1645.7346798550936
0.02000023728393543	1645.7345130074277
0.020000243213807868	1645.7343425050976
0.02000024928252967	1645.7341682759256
0.020000255493110748	1645.7339902464994
0.02000026184862034	1645.733808342155
0.02000026835218809	1645.7336224869623
0.020000275007005058	1645.7334326037058
0.020000281816324815	1645.7332386138678
0.020000288783464507	1645.7330404376144
0.02000029591180595	1645.7328379937733
0.020000303204796753	1645.732631199821
0.020000310665951433	1645.7324199718616
0.020000318298852578	1645.732204224613
0.02000032610715199	1645.7319838713865
0.020000334094571873	1645.731758824069
0.020000342264906	1645.7315289931057
0.020000350622020983	1645.7312942874844
0.020000359169857426	1645.7310546147132
0.020000367912431212	1645.7308098808053
0.02000037685383477	1645.7305599902609
0.020000385998238338	1645.7303048460458
0.020000395349891252	1645.7300443495767
0.020000404913123288	1645.7297784007005
0.020000414692345963	1645.7295068976769
0.020000424692053913	1645.7292297371575
0.020000434916826248	1645.728946814171
0.02000044537132794	1645.7286580221005
0.020000456060311228	1645.7283632526664
0.020000466988617047	1645.7280623959086
0.020000478161176477	1645.7277553401643
0.020000489583012197	1645.7274419720527
0.020000501259239974	1645.7271221764536
0.020000513195070155	1645.726795836489
0.02000052539580921	1645.726462833503
0.02000053786686124	1645.7261230470453
0.020000550613729583	1645.725776354849
0.02000056364201835	1645.7254226328125
0.020000576957434076	1645.7250617549807
0.02000059056578729	1645.7246935935257
0.02000060447299421	1645.7243180187272
0.02000061868507838	1645.7239348989528
0.020000633208172355	1645.72354410064
0.020000648048519414	1645.723145488276
0.02000066321247529	1645.7227389243787
0.020000678706509917	1645.7223242694774
0.020000694537209214	1645.721901382094
0.02000071071127686	1645.7214701187245
0.02000072723553614	1645.7210303338177
0.020000744116931733	1645.7205818797588
0.020000761362531632	1645.7201246068491
0.020000778979528986	1645.719658363287
0.020000796975244022	1645.7191829951494
0.020000815357125987	1645.718698346373
0.020000834132755083	1645.7182042587365
0.020000853309844444	1645.717700571841
0.020000872896242142	1645.7171871230921
0.020000892899933214	1645.7166637476796
0.020000913329041702	1645.716130278564
0.02000093419183273	1645.7155865464524
0.020000955496714604	1645.715032379786
0.020000977252240915	1645.7144676047185
0.020000999467112698	1645.7138920451014
0.020001022150180608	1645.7133055224635
0.02000104531044709	1645.7127078559965
0.020001068957068626	1645.7120988625365
0.020001093099357953	1645.7114783565469
0.020001117746786364	1645.7108461501025
0.020001142908985973	1645.7102020528737
0.020001168595752048	1645.7095458721076
0.020001194817045365	1645.7088774126153
0.020001221582994572	1645.7081964767542
0.02000124890389859	1645.707502864413
0.020001276790229044	1645.7067963729965
0.020001305252632714	1645.7060767974117
0.020001334301933994	1645.705343930052
0.020001363949137412	1645.7045975607832
0.020001394205430175	1645.70383747693
0.02000142508218471	1645.703063463262
0.020001456590961256	1645.7022753019814
0.02000148874351048	1645.7014727727094
0.02000152155177611	1645.7006556524727
0.020001555027897615	1645.6998237156945
0.02000158918421289	1645.6989767341795
0.020001624033260983	1645.6981144771048
0.020001659587784864	1645.6972367110081
0.02000169586073418	1645.6963431997783
0.020001732865268074	1645.6954337046443
0.020001770614758035	1645.694507984167
0.020001809122790738	1645.6935657942306
0.02000184840317096	1645.6926068880325
0.0200018884699245	1645.6916310160773
0.020001929337301123	1645.6906379261684
0.020001971019777534	1645.689627363402
0.020002013532060426	1645.6885990701608
0.020002056889089466	1645.6875527861084
0.020002101106040407	1645.6864882481843
0.020002146198328165	1645.6854051906007
0.020002192181609955	1645.6843033448383
0.020002239071788438	1645.6831824396422
0.020002286885014927	1645.682042201022
0.020002335637692575	1645.6808823522492
0.020002385346479655	1645.679702613856
0.020002436028292825	1645.678502703636
0.020002487700310424	1645.6772823366448
0.020002540379975817	1645.6760412252017
0.020002594085000772	1645.6747790788925
0.020002648833368837	1645.673495604572
0.020002704643338788	1645.6721905063687
0.02000276153344809	1645.6708634856898
0.02000281952251636	1645.6695142412264
0.020002878629648915	1645.6681424689616
0.020002938874240307	1645.6667478621769
0.02000300027597791	1645.665330111463
0.02000306285484553	1645.663888904727
0.020003126631127053	1645.6624239272046
0.020003191625410102	1645.6609348614725
0.020003257858589762	1645.65942138746
0.020003325351872298	1645.6578831824643
0.020003394126778932	1645.6563199211644
0.020003464205149625	1645.6547312756377
0.02000353560914692	1645.6531169153786
0.02000360836125978	1645.651476507315
0.02000368248430751	1645.6498097158299
0.020003758001443626	1645.6481162027815
0.02000383493615985	1645.6463956275275
0.020003913312290057	1645.644647646945
0.020003993154014302	1645.6428719154596
0.020004074485862867	1645.6410680850688
0.020004157332720308	1645.6392358053713
0.02000424171982956	1645.637374723596
0.02000432767279609	1645.635484484632
0.02000441521759203	1645.6335647310605
0.02000450438056038	1645.6316151031897
0.020004595188419225	1645.6296352390893
0.02000468766826598	1645.627624774626
0.02000478184758166	1645.6255833435032
0.020004877754235196	1645.623510577301
0.020004975416487776	1645.6214061055157
0.020005074862997185	1645.6192695556063
0.020005176122822214	1645.6171005530357
0.020005279225427063	1645.614898721321
0.020005384200685792	1645.6126636820793
0.0200054910788868	1645.6103950550794
0.020005599890737302	1645.608092458293
0.020005710667367876	1645.6057555079492
0.020005823440336988	1645.603383818591
0.02000593824163559	1645.6009770031326
0.020006055103691696	1645.5985346729183
0.020006174059375006	1645.5960564377863
0.020006295142001577	1645.593541906131
0.02000641838533844	1645.5909906849693
0.020006543823608343	1645.588402380009
0.020006671491494425	1645.5857765957203
0.020006801424144946	1645.5831129354058
0.02000693365717806	1645.5804110012766
0.020007068226686558	1645.5776703945292
0.020007205169242648	1645.5748907154243
0.02000734452190279	1645.572071563369
0.020007486322212473	1645.5692125369999
0.02000763060821105	1645.56631323427
0.020007777418436602	1645.5633732525375
0.020007926791930773	1645.5603921886575
0.020008078768243627	1645.557369639074
0.020008233387438536	1645.5543051999184
0.02000839069009704	1645.5511984671075
0.02000855071732375	1645.5480490364441
0.0200087135107512	1645.5448565037234
0.020008879112544783	1645.5416204648366
0.020009047565407584	1645.5383405158855
0.020009218912585294	1645.53501625329
0.0200093931978711	1645.531647273906
0.020009570465610516	1645.5282331751425
0.020009750760706296	1645.5247735550838
0.02000993412862324	1645.521268012612
0.020010120615393045	1645.5177161475347
0.020010310267619114	1645.5141175607143
0.020010503132481355	1645.5104718542016
0.020010699257740967	1645.5067786313718
0.02001089869174516	1645.5030374970622
0.02001110148343187	1645.4992480577164
0.02001130768233445	1645.495409921528
0.020011517338586287	1645.491522698591
0.02001173050292542	1645.4875860010495
0.020011947226699058	1645.4835994432547
0.020012167561868112	1645.479562641923
0.0200123915610116	1645.4754752162967
0.020012619277331046	1645.4713367883107
0.020012850764654772	1645.4671469827606
0.02001308607744216	1645.462905427474
0.02001332527078779	1645.458611753487
0.02001356840042552	1645.4542655952232
0.020013815522732487	1645.4498665906754
0.020014066694732966	1645.4454143815929
0.020014321974102186	1645.4409086136704
0.02001458141916997	1645.436348936742
0.02001484508892433	1645.4317350049776
0.02001511304301487	1645.4270664770834
0.02001538534175608	1645.4223430165077
0.020015662046130478	1645.4175642916468
0.020015943217791644	1645.4127299760587
0.02001622891906702	1645.4078397486771
0.02001651921296061	1645.4028932940319
0.020016814163155445	1645.397890302471
0.020017113834015873	1645.392830470389
0.02001741829058968	1645.387713500456
0.02001772759860994	1645.3825391018522
0.02001804182449669	1645.377306990508
0.020018361035358357	1645.372016889344
0.02001868529899289	1645.366668528518
0.020019014683888708	1645.361261645674
0.0200193492592253	1645.3557959861967
0.020019689094873585	1645.3502713034686
0.02002003426139592	1645.344687359131
0.02002038483004585	1645.3390439233485
0.02002074087276745	1645.3333407750788
0.020021102462194407	1645.3275777023441
0.020021469671648615	1645.3217545025088
0.0200218425751385	1645.3158709825586
0.020022221247356874	1645.3099269593836
0.020022605763678394	1645.303922260068
0.02002299620015655	1645.2978567221787
0.02002339263352025	1645.2917301940615
0.02002379514116989	1645.2855425351383
0.020024203801172914	1645.27929361621
0.02002461869225887	1645.27298331976
0.02002503989381394	1645.2666115402653
0.02002546748587487	1645.260178184506
0.020025901549122337	1645.253683171882
0.020026342164873707	1645.2471264347316
0.020026789415075134	1645.2405079186526
0.02002724338229305	1645.233827582827
0.020027704149704912	1645.227085400349
0.020028171801089272	1645.2202813585554
0.02002864642081512	1645.2134154593593
0.020029128093830433	1645.2064877195871
0.020029616905649982	1645.199498171315
0.020030112942342262	1645.1924468622126
0.020030616290515637	1645.185333855885
0.020031127037303555	1645.1781592322188
0.020031645270348918	1645.1709230877314
0.020032171077787476	1645.1636255359194
0.020032704548230276	1645.1562667076112
0.020033245770745098	1645.1488467513195
0.02003379483483692	1645.1413658335982
0.02003435183042726	1645.133824139397
0.020034916847832488	1645.1262218724194
0.02003548997774098	1645.118559255481
0.020036071311189143	1645.1108365308696
0.020036660939536273	1645.1030539607045
0.020037258954438163	1645.0952118272965
0.02003786544781949	1645.087310433509
0.020038480511844918	1645.0793501031178
0.020039104238888893	1645.0713311811726
0.02003973672150406	1645.0632540343552
0.020040378052388383	1645.0551190513395
0.020041028324350764	1645.0469266431483
0.02004168763027529	1645.0386772435118
0.02004235606308398	1645.0303713092208
0.02004303371569802	1645.0220093204812
0.02004372068099749	1645.0135917812643
0.020044417051779503	1645.005119219657
0.020045122920714767	1644.996592188207
0.020045838380302498	1644.9880112642645
0.020046563522823708	1644.9793770503247
0.020047298440292797	1644.970690174362
0.020048043224407435	1644.9619512901613
0.02004879796649672	1644.9531610776469
0.020049562757467547	1644.9443202432044
0.020050337687749255	1644.9354295199987
0.020051122847236393	1644.9264896682866
0.0200519183252297	1644.9175014757225
0.02005272421037525	1644.9084657576575
0.0200535405906017	1644.8993833574348
0.02005436755305565	1644.8902551466738
0.020055205184035137	1644.88108202555
0.020056053568921203	1644.871864923065
0.020056912792107525	1644.8626047973094
0.020057782936928115	1644.8533026357154
0.020058664085583107	1644.843959455303
0.02005955631906256	1644.8345763029135
0.020060459717068335	1644.8251542554322
0.02006137435793402	1644.8156944200048
0.02006230031854292	1644.8061979342385
0.020063237674244064	1644.7966659663937
0.020064186498766328	1644.7870997155624
0.020065146864130613	1644.7775004118357
0.02006611884056009	1644.7678693164557
0.020067102496388618	1644.7582077219568
0.0200680978979672	1644.7485169522904
0.020069105109568695	1644.7387983629364
0.020070124193290594	1644.7290533410012
0.02007115520895611	1644.7192833052952
0.020072198214013424	1644.7094897064005
0.0200732532634333	1644.699674026718
0.020074320409604905	1644.6898377804982
0.02007539970223013	1644.679982513855
0.020076491188216226	1644.670109804762
0.020077594911566955	1644.660221263029
0.020078710913272284	1644.6503185302606
0.020079839231196595	1644.6404032797943
0.02008097989996568	1644.6304772166195
0.020082132950852337	1644.6205420772753
0.020083298411660858	1644.6105996297283
0.020084476306610324	1644.6006516732282
0.020085666656216968	1644.5907000381426
0.020086869477175494	1644.5807465857665
0.020088084782239602	1644.570793208114
0.02008931258010176	1644.5608418276827
0.020090552875272293	1644.5508943971963
0.02009180566795797	1644.5409528993232
0.020093070953940133	1644.5310193463706
0.020094348724452527	1644.5210957799532
0.020095638966058926	1644.5111842706383
0.020096941660530693	1644.5012869175646
0.02009825678472441	1644.4914058480338
0.020099584310459696	1644.4815432170792
0.020100924204397363	1644.471701207006
0.020102276427918057	1644.4618820269047
0.020103640937001514	1644.4520879121399
0.02010501768210659	1644.4423211238088
0.020106406608052244	1644.4325839481758
0.02010780765389959	1644.422878696075
0.020109220752835204	1644.4132077022916
0.020110645832055875	1644.4035733249098
0.020112082812654912	1644.3939779446364
0.020113531609510234	1644.384423964094
0.020114992131174396	1644.3749138070875
0.02011646427976675	1644.365449917844
0.020117947950867843	1644.356034760222
0.020119443033416402	1644.346670816894
0.0201209494096089	1644.337360588502
0.020122466954802014	1644.3281065927838
0.020123995537418123	1644.3189113636738
0.02012553501885408	1644.3097774503733
0.02012708525339335	1644.3007074163963
0.02012864608812186	1644.2917038385876
0.02013021736284759	1644.2827693061136
0.020131798910024215	1644.2739064194266
0.02013339055467895	1644.2651177892049
0.02013499211434482	1644.256406035265
0.02013660339899749	1644.2477737854495
0.020138224210996904	1644.2392236744906
0.020139854345033913	1644.2307583428496
0.02014149358808204	1644.2223804355299
0.020143141719354645	1644.2140926008722
0.020144798510267597	1644.2058974893205
0.020146463724407683	1644.197797752172
0.020148137117506904	1644.189796040303
0.020149818437422883	1644.1818950028737
0.02015150742412549	1644.1740972860148
0.020153203809689876	1644.166405531495
0.02015490731829612	1644.1588223753686
0.02015661766623557	1644.1513504466086
0.020158334561924087	1644.143992365721
0.02016005770592234	1644.1367507433456
0.020161786790963216	1644.1296281788404
0.02016352150198658	1644.1226272588538
0.020165261516181445	1644.115750555885
0.020167006503035673	1644.109000626831
0.02016875612439336	1644.1023800115258
0.02017051003451995	1644.0958912312688
0.0201722678801752	1644.0895367873452
0.020174029300694098	1644.083319159542
0.020175793928075766	1644.077240804654
0.020177561387080444	1644.0713041549911
0.020179331295334613	1644.0655116168787
0.02018110326344428	1644.0598655691572
0.020182876895116456	1644.0543683616822
0.020184651787288906	1644.0490223138247
0.02018642753026811	1644.0438297129738
0.020188203707875496	1644.0387928130424
0.020189979897601875	1644.033913832981
0.02019175567077013	1644.029194955293
0.02019353059270607	1644.024638324563
0.02019530422291741	1644.0202460459923
0.02019707611528085	1644.0160201839426
0.02019884581823714	1644.0119627604972
0.020200612874994094	1644.008075754032
0.02020237682373742	1644.0043610978028
0.020204137197849255	1644.0008206785499
0.020205893526134357	1643.99745633512
0.02020764533305369	1643.9942698571065
0.020209392138965387	1643.9912629835155
0.02021113346037288	1643.9884374014475
0.020212868810179963	1643.9857947448077
0.020214597697952728	1643.9833365930403
0.020216319630188072	1643.9810644698903
0.020218034110588645	1643.9789798421903
0.020219740640343965	1643.9770841186821
0.02022143871841745	1643.9753786488636
0.02022312784183921	1643.9738647218726
0.02022480750600427	1643.9725435654
0.020226477204975973	1643.9714163446417
0.020228136431794285	1643.9704841612836
0.020229784678788755	1643.9697480525251
0.020231421437895754	1643.9692089901414
0.02023304620097974	1643.9688678795835
0.02023465846015823	1643.968725559124
0.02023625770813012	1643.9687827990383
0.020237843438507055	1643.9690403008321
0.02023941514614749	1643.9694986965135
0.020240972327493067	1643.97015854791
0.02024251448090698	1643.9710203460284
0.020244041107013982	1643.9720845104648
0.020245551709041576	1643.9733513888614
0.020247045793162135	1643.9748212564093
0.020248522868835467	1643.9764943154048
0.020249982449151483	1643.9783706948508
0.020251424051172584	1643.9804504501124
0.020252847196275358	1643.9827335626203
0.020254251410491187	1643.9852199396291
0.020255636224845382	1643.9879094140233
0.020257001175694445	1643.99080174418
0.02025834580506106	1643.993896613882
0.020259669660966376	1643.9971936322825
0.020260972297759253	1644.0006923339272
0.020262253276442002	1644.0043921788263
0.020263512164992312	1644.0082925525785
0.020264748538680842	1644.012392766555
0.020265961980384224	1644.0166920581296
0.020267152080892994	1644.021189590967
0.020268318439214162	1644.0258844553623
0.020269460662867944	1644.0307756686343
0.020270578368178353	1644.0358621755709
0.020271671180557303	1644.0411428489265
0.020272738734781793	1644.0466164899742
0.02027378067526391	1644.0522818291063
0.020274796656313272	1644.0581375264874
0.0202757863423916	1644.0641821727568
0.02027674940835906	1644.0704142897841
0.02027768553971212	1644.0768323314687
0.02027859443281262	1644.083434684593
0.020279475795107728	1644.0902196697184
0.020280329345340516	1644.0971855421326
0.020281154813750986	1644.1043304928396
0.020281951942267156	1644.111652649595
0.02028272048468608	1644.1191500779862
0.02028346020684454	1644.1268207825551
0.0202841708867792	1644.1346627079606
0.020284852314876048	1644.1426737401855
0.020285504294008962	1644.150851707778
0.020286126639667168	1644.1591943831347
0.02028671918007157	1644.1676994838197
0.02028728175627967	1644.1763646739164
0.020287814222279113	1644.185187565418
0.02028831644506965	1644.194165719646
0.020288788304733484	1644.203296648703
0.020289229694493947	1644.212577816954
0.02028964052076241	1644.2220066425366
0.020290020703173484	1644.2315804988962
0.02029037017460836	1644.2412967163484
0.020290688881206446	1644.2511525836633
0.020290976782365206	1644.2611453496736
0.020291233850728268	1644.271272224901
0.020291460072161892	1644.2815303832022
0.0202916554457198	1644.2919169634336
0.020291819983596516	1644.3024290711282
0.02029195371106924	1644.3130637801887
0.020292056666428464	1644.323818134592
0.020292128900897387	1644.334689150105
0.020292170478540313	1644.345673816007
0.02029218147616016	1644.3567690968212
0.020292161983185317	1644.3679719340516
0.020292112101545964	1644.3792792479233
0.020292031945540082	1644.3906879391234
0.020291921641689425	1644.4021948905463
0.020291781328585615	1644.4137969690328
0.020291611156726605	1644.425491027111
0.020291411288343813	1644.4372739047317
0.020291181897220165	1644.449142430995
0.020290923168499272	1644.4610934258735
0.020290635298486143	1644.4731237019255
0.020290318494439612	1644.485230065995
0.020289972974356852	1644.4974093209034
0.020289598966750273	1644.5096582671265
0.020289196710417127	1644.521973704456
0.020288766454202127	1644.5343524336456
0.020288308456753456	1644.5467912580389
0.02028782298627249	1644.5592869851791
0.02028731032025753	1644.5718364284007
0.02028677074524201	1644.584436408394
0.020286204556527437	1644.597083754752
0.02028561205791145	1644.6097753074946
0.020284993561411384	1644.6225079185629
0.02028434938698368	1644.6352784532908
0.020283679862239522	1644.648083791851
0.02028298532215705	1644.660920830669
0.02028226610879054	1644.673786483814
0.020281522570976877	1644.6866776843528
0.02028075506403979	1644.6995913856804
0.020279963949492063	1644.7125245628142
0.02027914959473621	1644.7254742136593
0.02027831237276393	1644.7384373602383
0.020277452661854677	1644.7514110498892
0.02027657084527374	1644.7643923564299
0.020275667310970177	1644.777378381286
0.0202747424512749	1644.7903662545855
0.02027379666259932	1644.8033531362166
0.0202728303451348	1644.8163362168514
0.020271843902553398	1644.8293127189297
0.02027083774170998	1644.8422798976108
0.020269812272346276	1644.8552350416846
0.020268767906796964	1644.8681754744475
0.020267705059698268	1644.881098554541
0.020266624147699194	1644.894001676751
0.020265525589175798	1644.9068822727734
0.020264409803948703	1644.9197378119381
0.02026327721300419	1644.9325658018986
0.020262128238218987	1644.9453637892825
0.02026096330208914	1644.9581293603048
0.020259782827463147	1644.9708601413456
0.020258587237279538	1644.9835537994875
0.020257376954309153	1644.9962080430207
0.020256152400902342	1645.008820621908
0.02025491399874121	1645.021389328215
0.020253662168597152	1645.0339119965042
0.02025239733009378	1645.046386504194
0.02025111990147552	1645.058810771881
0.020249830299381866	1645.0711827636317
0.02024852893862754	1645.083500487234
0.020247216231988645	1645.0957619944202
0.020245892589994964	1645.1079653810525
0.020244558420728403	1645.1201087872814
0.020243214129627776	1645.132190397666
0.020241860119300004	1645.144208441267
0.02024049678933775	1645.156161191706
0.020239124536143526	1645.1680469671978
0.020237743752760457	1645.17986413055
0.020236354828709554	1645.191611089135
0.020234958149833695	1645.2032862948352
0.020233554098148206	1645.2148882439574
0.020232143051698123	1645.2264154771235
0.02023072538442213	1645.2378665791343
0.02022930146602313	1645.2492401788072
0.020227871661845434	1645.2605349487912
0.020226436332758568	1645.271749605356
0.020224995835047662	1645.2828829081586
0.020223550520310333	1645.2939336599893
0.02022210073536006	1645.3049007064951
0.020220646822135962	1645.3157829358831
0.020219189117618896	1645.326579278601
0.020217727953753886	1645.3372887070043
0.02021626365737866	1645.347910235001
0.020214796550158332	1645.35844291768
0.02021332694852609	1645.3688858509217
0.02021185516362978	1645.3792381709957
0.02021038150128429	1645.3894990541392
0.02020890626192962	1645.3996677161251
0.020207429740594543	1645.4097434118146
0.02020595222686571	1645.419725434696
0.02020447400486209	1645.429613116414
0.020202995353214633	1645.4394058262858
0.020201516545050962	1645.4491029708063
0.020200037847985065	1645.4587039931441
0.020198559524111752	1645.468208372631
0.020197081830005795	1645.4776156242365
0.020195605016725567	1645.4869252980418
0.0201941293298211	1645.4961369787015
0.020192655009346347	1645.5052502849016
0.020191182289875546	1645.5142648688106
0.02018971140052351	1645.5231804155258
0.020188242564969754	1645.5319966425136
0.0201867760014862	1645.5407132990501
0.020185311922968432	1645.5493301656525
0.020183850536970284	1645.5578470535118
0.020182392045741605	1645.5662638039219
0.020180936646269115	1645.574580287707
0.02017948453032013	1645.582796404648
0.020178035884489066	1645.5909120829074
0.020176590890246544	1645.5989272784561
0.020175149723990968	1645.6068419744984
0.020173712557102416	1645.6146561808966
0.020172279555998766	1645.6223699336017
0.020170850882193805	1645.6299832940795
0.020169426692357283	1645.6374963487435
0.020168007138376774	1645.6449092083874
0.02016659236742111	1645.652222007621
0.020165182522005408	1645.6594349043094
0.020163777740057447	1645.666548079015
0.02016237815498532	1645.673561734445
0.020160983895746235	1645.6804760948999
0.020159595086916345	1645.687291405728
0.020158211848761504	1645.6940079327867
0.020156834297308798	1645.7006259619031
0.020155462544418783	1645.707145798345
0.020154096697858333	1645.7135677662939
0.020152736861373952	1645.719892208324
0.020151383134765458	1645.72611948489
0.020150035613960008	1645.732249973815
0.02014869439108628	1645.7382840697896
0.020147359554548806	1645.7442221838737
0.02014603118910229	1645.750064743007
0.020144709375925912	1645.7558121895254
0.020143394192697475	1645.7614649806817
0.02014208571366737	1645.7670235881767
0.02014078400973222	1645.772488497694
0.02013948914850824	1645.7778602084422
0.020138201194404123	1645.7831392327057
0.020136920208693492	1645.7883260954004
0.02013564624958685	1645.793421333638
0.020134379372302863	1645.7984254962953
0.020133119629139086	1645.8033391435933
0.020131867069541967	1645.8081628466807
0.02013062174017614	1645.8128971872259
0.02012938368499292	1645.8175427570163
0.020128152945298006	1645.8221001575648
0.020126929559818357	1645.8265699997219
0.020125713564768135	1645.8309529032963
0.02012450499391378	1645.8352494966814
0.020123303878638137	1645.8394604164916
0.020122110248003595	1645.8435863072011
0.02012092412881427	1645.8476278207936
0.020119745545677137	1645.8515856164174
0.020118574521062187	1645.8554603600462
0.020117411075361486	1645.8592527241492
0.020116255226947235	1645.8629633873657
0.020115106992228703	1645.866593034188
0.020113966385708112	1645.8701423546488
0.02011283342003545	1645.8736120440183
0.02011170810606215	1645.877002802504
0.020110590452893734	1645.8803153349613
0.020109480467941275	1645.8835503506054
0.020108378156971862	1645.8867085627335
0.020107283524157877	1645.8897906884508
0.020106196572125236	1645.8927974484045
0.020105117302000527	1645.8957295665214
0.020104045713457037	1645.8985877697526
0.020102981804759737	1645.9013727878255
0.020101925572809157	1645.904085352999
0.020100877013184255	1645.9067261998246
0.020099836120184168	1645.909296064915
0.020098802886868973	1645.911795686716
0.02009777730509938	1645.914225805286
0.020096759365575447	1645.9165871620773
0.020095749057874254	1645.9188804997268
0.020094746370486614	1645.9211065618476
0.020093751290852797	1645.9232660928287
0.020092763805397294	1645.9253598376383
0.020091783899562635	1645.9273885416314
0.020090811557842283	1645.9293529503645
0.02008984676381264	1645.9312538094105
0.020088889500164093	1645.9330918641829
0.020087939748731253	1645.9348678597612
0.020086997490522313	1645.9365825407228
0.02008606270574753	1645.938236650976
0.020085135373846947	1645.9398309336016
0.020084215473517235	1645.9413661306953
0.020083302982737822	1645.942842983215
0.020082397878796208	1645.9442622308325
0.020081500138312523	1645.9456246117875
0.020080609737263395	1645.946930862749
0.020079726651005075	1645.9481817186754
0.02007885085429585	1645.949377912682
0.02007798232131783	1645.950520175911
0.020077121025698013	1645.9516092374038
0.020076266940528772	1645.9526458239789
0.020075420038387668	1645.953630660112
0.02007458029135668	1645.9545644678176
0.020073747671040833	1645.9554479665378
0.020072922148586282	1645.9562818730299
0.020072103694697804	1645.957066901261
0.020071292279655786	1645.9578037623023
0.020070487873332665	1645.9584931642287
0.020069690445208867	1645.95913581202
0.020068899964388272	1645.9597324074653
0.020068116399613187	1645.9602836490706
0.020067339719278873	1645.9607902319685
0.020066569891447603	1645.961252847831
0.02006580688386233	1645.9616721847838
0.020065050663959905	1645.9620489273257
0.020064301198883902	1645.962383756247
0.02006355845549706	1645.9626773485543
0.020062822400393338	1645.9629303773938
0.020062092999909634	1645.9631435119807
0.020061370220137126	1645.9633174175276
0.020060654026932283	1645.9634527551775
0.020059944385927553	1645.9635501819378
0.02005924126254174	1645.963610350617
0.02005854462199006	1645.9636339097647
0.020057854429293948	1645.9636215036098
0.02005717064929052	1645.963573772006
0.020056493246641816	1645.9634913503762
0.020055822185843748	1645.963374869659
0.020055157431234816	1645.9632249562578
0.02005449894700458	1645.9630422319924
0.020053846697201876	1645.962827314052
0.020053200645742838	1645.9625808149483
0.020052560756418664	1645.9623033424737
0.02005192699290321	1645.9619954996592
0.020051299318760343	1645.9616578847351
0.020050677697451152	1645.9612910910917
0.02005006209234093	1645.9608957072442
0.020049452466705982	1645.9604723167963
0.02004884878374025	1645.9600214984102
0.020048251006561806	1645.9595438257722
0.020047659098219157	1645.9590398675641
0.020047073021697382	1645.9585101874354
0.02004649273992416	1645.9579553439762
0.020045918215775605	1645.9573758906915
0.02004534941208199	1645.9567723759792
0.020044786291633337	1645.9561453431063
0.02004422881718488	1645.9554953301895
0.02004367695146236	1645.9548228701756
0.02004313065716726	1645.9541284908237
0.020042589896981884	1645.9534127146876
0.020042054633574325	1645.9526760591027
0.020041524829603342	1645.9519190361714
0.020041000447723126	1645.9511421527502
0.020040481450587934	1645.9503459104394
0.020039967800856682	1645.9495308055727
0.020039459461197378	1645.94869732921
0.020038956394291495	1645.947845967128
0.020038458562838268	1645.946977199815
0.020037965929558865	1645.9460915024667
0.02003747845720051	1645.945189344982
0.020036996108540497	1645.9442711919598
0.020036518846390138	1645.9433375026988
0.020036046633598613	1645.9423887311973
0.020035579433056776	1645.9414253261523
0.020035117207700872	1645.9404477309627
0.02003465992051618	1645.9394563837327
0.020034207534540566	1645.9384517172746
0.020033760012868006	1645.9374341591144
0.020033317318652013	1645.9364041314984
0.020032879415109024	1645.9353620513994
0.020032446265521687	1645.9343083305262
0.020032017833242113	1645.9332433753304
0.020031594081695064	1645.9321675870187
0.020031174974381075	1645.9310813615618
0.020030760474879512	1645.9299850897075
0.020030350546851587	1645.9288791569923
0.0200299451540433	1645.9277639437562
0.020029544260288343	1645.926639825157
0.020029147829510926	1645.9255071711848
0.020028755825728575	1645.924366346678
0.02002836821305485	1645.9232177113406
0.020027984955702044	1645.9220616197606
0.020027606017983805	1645.9208984214276
0.0200272313643177	1645.9197284607517
0.02002686095922776	1645.9185520770845
0.02002649476734695	1645.9173696047399
0.0200261327534196	1645.9161813730134
0.020025774882303796	1645.9149877062073
0.02002542111897371	1645.913788923651
0.020025071428521887	1645.9125853397268
0.02002472577616148	1645.9113772638912
0.02002438412722845	1645.9101650007021
0.02002404644718373	1645.908948849843
0.020023712701615324	1645.9077291061492
0.020023382856240352	1645.9065060596347
0.02002305687690709	1645.905279995519
0.02002273472959693	1645.9040511942546
0.020022416380426317	1645.9028199315555
0.020022101795648638	1645.901586478427
0.020021790941656067	1645.9003511011927
0.020021483784981368	1645.899114061527
0.020021180292299653	1645.8978756164834
0.020020880430430116	1645.8966360185254
0.0200205841663377	1645.89539551556
0.020020291467134747	1645.8941543509661
0.020020002300082593	1645.8929127636284
0.020019716632593117	1645.89167098797
0.02001943443223029	1645.8904292539853
0.02001915566671163	1645.8891877872727
0.02001888030390966	1645.8879468090684
0.020018608311853304	1645.8867065362813
0.020018339658729255	1645.8854671815257
0.020018074312883286	1645.8842289531585
0.020017812242821575	1645.8829920553121
0.020017553417211932	1645.8817566879309
0.02001729780488501	1645.8805230468058
0.0200170453748355	1645.8792913236118
0.020016796096223276	1645.8780617059429
0.020016549938374466	1645.8768343773497
0.020016306870782565	1645.875609517375
0.020016066863109448	1645.8743873015915
0.020015829885186368	1645.873167901638
0.02001559590701492	1645.8719514852585
0.02001536489876798	1645.8707382163382
0.020015136830790592	1645.8695282549413
0.020014911673600828	1645.868321757351
0.020014689397890615	1645.867118876105
0.020014469974526522	1645.865919760035
0.020014253374550532	1645.864724554305
0.020014039569180773	1645.8635334004503
0.020013828529812185	1645.8623464364143
0.0200136202280172	1645.86116379659
0.02001341463554638	1645.8599856118567
0.020013211724328996	1645.8588120096194
0.0200130114664736	1645.8576431138483
0.020012813834268565	1645.8564790451178
0.02001261880018259	1645.855319920645
0.020012426336865168	1645.8541658543288
0.020012236417147035	1645.8530169567905
0.02001204901404057	1645.8518733354115
0.02001186410074019	1645.8507350943732
0.020011681650622712	1645.8496023346959
0.020011501637247655	1645.8484751542783
0.02001132403435756	1645.8473536479364
0.020011148815878243	1645.8462379074435
0.02001097595591905	1645.845128021569
0.020010805428773055	1645.8440240761165
0.020010637208917242	1645.8429261539638
0.02001047127101268	1645.841834335102
0.020010307589904647	1645.840748696674
0.020010146140622728	1645.8396693130142
0.020009986898380898	1645.8385962556865
0.02000982983857758	1645.8375295935223
0.02000967493679566	1645.8364693926612
0.0200095221688025	1645.8354157165872
0.02000937151054992	1645.8343686261692
0.02000922293817413	1645.833328179697
0.02000907642799567	1645.8322944329223
0.020008931956519323	1645.8312674390938
0.020008789500433992	1645.8302472489963
0.020008649036612546	1645.8292339109894
0.020008510542111668	1645.828227471043
0.02000837399417166	1645.8272279727762
0.020008239370216237	1645.8262354574942
0.0200081066478523	1645.8252499642256
0.020007975804869675	1645.8242715297577
0.02000784681924084	1645.8233001886758
0.020007719669120645	1645.822335973398
0.020007594332845966	1645.8213789142112
0.020007470788935392	1645.8204290393085
0.020007349016088874	1645.8194863748238
0.02000722899318733	1645.8185509448692
0.020007110699292268	1645.8176227715687
0.02000699411364535	1645.8167018750937
0.020006879215667985	1645.8157882736991
0.020006765984960883	1645.8148819837575
0.020006654401303548	1645.8139830197929
0.020006544444653832	1645.8130913945174
0.020006436095147417	1645.812207118862
0.020006329333097293	1645.811330202013
0.02000622413899322	1645.810460651445
0.020006120493501183	1645.809598472953
0.02000601837746282	1645.8087436706871
0.02000591777189484	1645.807896247184
0.02000581865798842	1645.807056203401
0.02000572101710857	1645.8062235387467
0.020005624830793562	1645.8053982511142
0.02000553008075422	1645.8045803369114
0.02000543674887329	1645.8037697910943
0.02000534481720479	1645.8029666071968
0.02000525426797328	1645.8021707773619
0.020005165083573202	1645.801382292373
0.02000507724656815	1645.8006011416828
0.020004990739690146	1645.7998273134442
0.020004905545838916	1645.7990607945408
0.02000482164808113	1645.798301570614
0.020004739029649644	1645.7975496260956
0.02000465767394274	1645.796804944233
0.02000457756452333	1645.7960675071204
0.02000449868511817	1645.7953372957252
0.020004421019617063	1645.7946142899173
0.02000434455207204	1645.7938984684965
0.020004269266696535	1645.7931898092193
0.020004195147864546	1645.7924882888262
0.02000412218010981	1645.7917938830685
0.02000405034812494	1645.791106566734
0.020003979636760566	1645.7904263136747
0.02000391003102447	1645.7897530968319
0.02000384151608071	1645.78908688826
0.020003774077248744	1645.7884276591546
0.020003707700002506	1645.7877753798748
0.020003642369969547	1645.78713001997
0.0200035780729301	1645.786491548202
0.020003514794816185	1645.7858599325707
0.02000345252171068	1645.7852351403362
0.02000339123984639	1645.7846171380436
0.02000333093560512	1645.7840058915451
0.020003271595516754	1645.7834013660229
0.02000321320625827	1645.7828035260122
0.020003155754652828	1645.7822123354217
0.020003099227668793	1645.781627757557
0.020003043612418805	1645.781049755141
0.020002988896158775	1645.780478290336
0.02000293506628695	1645.7799133247634
0.020002882110342925	1645.7793548195257
0.020002830016006667	1645.7788027352256
0.02000277877109754	1645.778257031986
0.020002728363573315	1645.7777176694697
0.0200026787815292	1645.7771846068993
0.02000263001319682	1645.7766578030758
0.02000258204694326	1645.7761372163973
0.020002534871270045	1645.7756228048775
0.020002488474812147	1645.7751145261639
0.020002442846336992	1645.7746123375546
0.02000239797474345	1645.7741161960182
0.020002353849060843	1645.7736260582085
0.02000231045844793	1645.7731418804826
0.020002267792191903	1645.7726636189184
0.02000222583970738	1645.772191229329
0.02000218459053539	1645.771724667281
0.020002144034342386	1645.771263888108
0.020002104160919208	1645.7708088469276
0.020002064960180078	1645.7703594986565
0.020002026422161607	1645.7699157980253
0.02000198853702177	1645.7694776995925
0.02000195129503889	1645.7690451577605
0.02000191468661064	1645.7686181267875
0.020001878702253027	1645.768196560803
0.02000184333259938	1645.767780413822
0.020001808568399365	1645.767369639756
0.020001774400517928	1645.7669641924276
0.020001740819934333	1645.7665640255825
0.020001707817741143	1645.7661690929033
0.020001675385143212	1645.7657793480207
0.02000164351345668	1645.7653947445258
0.02000161219410798	1645.7650152359813
0.020001581418632838	1645.764640775934
0.02000155117867527	1645.7642713179246
0.020001521465986598	1645.763906815501
0.020001492272424443	1645.7635472222266
0.020001463589951755	1645.7631924916923
0.020001435410635784	1645.762842577526
0.020001407726647154	1645.7624974334033
0.020001380530258836	1645.7621570130573
0.02000135381384518	1645.7618212702866
0.020001327569880947	1645.7614901589664
0.020001301790940323	1645.7611636330573
0.020001276469695958	1645.7608416466132
0.020001251598917993	1645.7605241537913
0.02000122717147311	1645.7602111088595
0.020001203180323543	1645.759902466205
0.020001179618526158	1645.7595981803415
0.020001156479231473	1645.7592982059193
0.020001133755682715	1645.75900249773
0.020001111441214886	1645.7587110107152
0.02000108952925381	1645.7584236999737
0.020001068013315214	1645.758140520769
0.020001046887003767	1645.7578614285344
0.020001026144012175	1645.7575863788811
0.020001005778120258	1645.7573153276037
0.020000985783194005	1645.7570482306865
0.020000966153184703	1645.7567850443102
0.020000946882127973	1645.7565257248566
0.020000927964142913	1645.7562702289142
0.02000090939343117	1645.7560185132857
0.02000089116427605	1645.7557705349893
0.02000087327104164	1645.7555262512687
0.020000855708171887	1645.7552856195935
0.020000838470189766	1645.7550485976667
0.020000821551696364	1645.7548151434275
0.020000804947370037	1645.7545852150574
0.020000788651965522	1645.7543587709831
0.02000077266031309	1645.7541357698815
0.020000756967317686	1645.753916170682
0.02000074156795808	1645.7536999325725
0.020000726457286032	1645.7534870150012
0.020000711630425442	1645.7532773776804
0.020000697082571513	1645.7530709805906
0.020000682808989943	1645.7528677839823
0.02000066880501609	1645.7526677483809
0.020000655066054147	1645.7524708345873
0.020000641587576355	1645.7522770036821
0.02000062836512217	1645.752086217028
0.020000615394297497	1645.7518984362719
0.020000602670773852	1645.751713623347
0.020000590190287625	1645.7515317404757
0.020000577948639256	1645.7513527501708
0.02000056594169249	1645.751176615238
0.020000554165373576	1645.7510032987782
0.020000542615670542	1645.7508327641883
0.020000531288632394	1645.7506649751624
0.02000052018036839	1645.7504998956952
0.020000509287047292	1645.7503374900805
0.020000498604896617	1645.7501777229152
0.020000488130201912	1645.7500205590986
0.020000477859306018	1645.7498659638345
0.020000467788608346	1645.7497139026307
0.020000457914564174	1645.7495643413013
0.02000044823368391	1645.749417245967
0.020000438742532427	1645.7492725830555
0.020000429437728326	1645.7491303193024
0.020000420315943263	1645.7489904217502
0.020000411373901263	1645.748852857751
0.020000402608378032	1645.7487175949648
0.020000394016200296	1645.74858460136
0.020000385594245117	1645.7484538452145
0.020000377339439247	1645.748325295115
0.02000036924875845	1645.748198919956
0.02000036131922687	1645.7480746889416
0.020000353547916398	1645.7479525715835
0.020000345931946002	1645.747832537702
0.020000338468481118	1645.7477145574242
0.020000331154733014	1645.7475986011852
0.020000323987958188	1645.747484639726
0.020000316965457725	1645.7473726440937
0.020000310084576707	1645.7472625856403
0.02000030334270362	1645.7471544360233
0.020000296737269732	1645.747048167203
0.02000029026574854	1645.7469437514433
0.020000283925655147	1645.7468411613097
0.020000277714545704	1645.746740369669
0.020000271630016834	1645.7466413496877
0.020000265669705076	1645.7465440748313
0.020000259831286303	1645.7464485188632
0.020000254112475187	1645.7463546558429
0.020000248511024644	1645.746262460126
0.02000024302472528	1645.7461719063617
0.020000237651404882	1645.7460829694921
0.02000023238892784	1645.74599562475
0.020000227235194682	1645.7459098476595
0.020000222188141493	1645.7458256140321
0.020000217245739447	1645.7457428999664
0.02000021240599427	1645.7456616818474
0.020000207666945755	1645.7455819363431
0.020000203026667242	1645.745503640404
0.020000198483265154	1645.7454267712608
0.02000019403487849	1645.745351306424
0.020000189679678357	1645.7452772236811
0.020000185415867476	1645.7452045010953
0.020000181241679734	1645.7451331170028
0.02000017715537971	1645.7450630500125
0.020000173155262205	1645.7449942790029
0.020000169239651817	1645.7449267831212
0.020000165406902453	1645.744860541781
0.020000161655396923	1645.7447955346606
0.020000157983546478	1645.7447317417007
0.020000154389790376	1645.744669143102
0.02000015087259548	1645.7446077193258
0.020000147430455802	1645.744547451088
0.02000014406189212	1645.7444883193607
0.020000140765451535	1645.7444303053676
0.020000137539707082	1645.7443733905843
0.020000134383257318	1645.744317556735
0.020000131294725932	1645.7442627857888
0.020000128272761354	1645.7442090599616
0.020000125316036357	1645.7441563617106
0.020000122423247686	1645.7441046737333
0.020000119593115664	1645.7440539789657
0.020000116824383848	1645.74400426058
0.020000114115818635	1645.7439555019823
0.02000011146620891	1645.7439076868109
0.020000108874365673	1645.7438607989343
0.020000106339121713	1645.7438148224473
0.020000103859331222	1645.7437697416717
0.020000101433869485	1645.7437255411517
0.020000099061632522	1645.7436822056532
0.020000096741536754	1645.7436397201604
0.020000094472518663	1645.7435980698751
0.02000009225353449	1645.7435572402137
0.020000090083559876	1645.7435172168057
0.020000087961589585	1645.74347798549
0.02000008588663716	1645.7434395323146
0.020000083857734614	1645.7434018435322
0.020000081873932145	1645.7433649056015
0.020000079934297806	1645.743328705182
0.020000078037917243	1645.7432932291329
0.02000007618389338	1645.74325846451
0.020000074371346113	1645.7432243985659
0.020000072599412073	1645.7431910187454
0.02000007086724429	1645.743158312685
0.020000069174011963	1645.7431262682098
0.020000067518900152	1645.7430948733318
0.020000065901109528	1645.7430641162475
0.02000006431985611	1645.743033985336
0.02000006277437098	1645.743004469158
0.02000006126390005	1645.7429755564508
0.020000059787703806	1645.7429472361293
0.020000058345057033	1645.7429194972822
0.020000056935248593	1645.7428923291704
0.020000055557581175	1645.7428657212247
0.02000005421137105	1645.7428396630442
0.020000052895947838	1645.742814144394
0.02000005161065428	1645.7427891552031
0.020000050354845998	1645.7427646855624
0.020000049127891283	1645.742740725723
0.020000047929170862	1645.7427172660932
0.02000004675807767	1645.7426942972384
0.02000004561401666	1645.7426718098773
0.02000004449640457	1645.742649794881
0.02000004340466971	1645.74262824327
0.020000042338251783	1645.7426071462137
0.020000041296601653	1645.7425864950274
0.020000040279181158	1645.7425662811709
0.020000039285462904	1645.7425464962457
0.020000038314930083	1645.7425271319953
0.020000037367076277	1645.7425081802999
0.02000003644140527	1645.7424896331781
0.02000003553743086	1645.742471482783
0.02000003465467668	1645.7424537214004
0.020000033792676015	1645.7424363414477
0.02000003295097164	1645.7424193354723
0.02000003212911562	1645.7424026961487
0.020000031326669162	1645.7423864162781
0.020000030543202436	1645.7423704887842
0.020000029778294414	1645.7423549067153
0.020000029031532706	1645.742339663239
0.020000028302513403	1645.7423247516424
0.020000027590840904	1645.7423101653296
0.020000026896127777	1645.7422958978216
0.020000026217994606	1645.7422819427516
0.02000002555606983	1645.7422682938668
0.020000024909989606	1645.742254945024
0.020000024279397663	1645.742241890189
0.020000023663945144	1645.7422291234366
0.02000002306329049	1645.7422166389458
0.02000002247709928	1645.7422044310006
0.020000021905044105	1645.7421924939877
0.020000021346804436	1645.7421808223946
0.020000020802066493	1645.74216941081
0.02000002027052311	1645.742158253919
0.02000001975187361	1645.7421473465051
0.02000001924582367	1645.7421366834453
0.020000018752085236	1645.742126259712
0.020000018270376355	1645.7421160703684
0.020000017800421082	1645.74210611057
0.02000001734194936	1645.7420963755605
0.020000016894696902	1645.7420868606735
0.02000001645840508	1645.7420775613275
0.020000016032820814	1645.7420684730275
0.020000015617696466	1645.7420595913616
0.020000015212789737	1645.7420509120016
0.020000014817863534	1645.7420424307002
0.02000001443268592	1645.7420341432899
0.020000014057029954	1645.7420260456822
0.02000001369067363	1645.742018133866
0.02000001333339977	1645.7420104039063
0.020000012984995926	1645.7420028519443
0.020000012645254278	1645.741995474193
0.020000012313971558	1645.7419882669387
0.02000001199094895	1645.74198122654
0.020000011675991993	1645.7419743494247
0.0200000113689105	1645.74196763209
0.020000011069518472	1645.7419610711008
0.020000010777634022	1645.7419546630892
0.020000010493079277	1645.7419484047523
0.020000010215680302	1645.7419422928522
0.02000000994526702	1645.7419363242136
0.020000009681673137	1645.741930495724
0.02000000942473606	1645.7419248043336
0.020000009174296826	1645.7419192470504
0.02000000893020001	1645.7419138209432
0.020000008692293687	1645.7419085231386
0.02000000846042932	1645.7419033508195
0.02000000823446172	1645.7418983012258
0.02000000801424896	1645.7418933716533
0.020000007799652313	1645.7418885594502
0.020000007590536197	1645.7418838620197
0.020000007386768076	1645.7418792768167
0.020000007188218438	1645.7418748013474
0.020000006994760698	1645.7418704331687
0.02000000680627116	1645.7418661698869
0.020000006622628942	1645.7418620091562
0.020000006443715922	1645.741857948681
0.020000006269416674	1645.7418539862101
0.020000006099618422	1645.7418501195402
0.02000000593421098	1645.7418463465126
0.020000005773086697	1645.7418426650127
0.02000000561614039	1645.7418390729702
0.020000005463269306	1645.7418355683571
0.020000005314373067	1645.7418321491887
0.020000005169353626	1645.7418288135202
0.020000005028115195	1645.7418255594478
0.02000000489056422	1645.7418223851078
0.020000004756609333	1645.7418192886757
0.020000004626161274	1645.7418162683641
0.020000004499132883	1645.741813322425
0.02000000437543903	1645.7418104491462
0.020000004254996588	1645.7418076468512
0.020000004137724372	1645.7418049138998
0.02000000402354311	1645.7418022486875
0.02000000391237539	1645.7417996496422
0.020000003804145634	1645.7417971152265
0.020000003698780047	1645.7417946439357
0.020000003596206586	1645.7417922342972
0.020000003496354904	1645.74178988487
0.020000003399156335	1645.7417875942447
0.020000003304543837	1645.7417853610416
0.02000000321245197	1645.7417831839116
0.020000003122816863	1645.7417810615339
0.02000000303557616	1645.7417789926171
0.020000002950669	1645.7417769758983
0.020000002868035986	1645.7417750101406
0.02000000278761915	1645.7417730941363
0.020000002709361912	1645.7417712267024
0.020000002633209057	1645.7417694066828
0.020000002559106708	1645.7417676329467
0.02000000248700229	1645.7417659043883
0.020000002416844496	1645.7417642199255
0.02000000234858327	1645.741762578502
0.020000002282169763	1645.7417609790834
0.02000000221755633	1645.741759420659
0.02000000215469648	1645.7417579022406
0.020000002093544852	1645.7417564228613
0.0200000020340572	1645.7417549815766
0.02000000197619036	1645.7417535774632
0.020000001919902234	1645.7417522096187
0.020000001865151745	1645.7417508771614
0.020000001811898847	1645.7417495792283
0.020000001760104462	1645.7417483149768
0.020000001709730483	1645.7417470835833
0.02000000166073975	1645.7417458842426
0.020000001613096025	1645.7417447161683
0.020000001566763962	1645.7417435785924
0.0200000015217091	1645.7417424707633
0.02000000147789783	1645.7417413919475
0.02000000143529739	1645.7417403414274
0.020000001393875824	1645.7417393185035
0.020000001353601977	1645.7417383224908
0.020000001314445494	1645.7417373527212
0.02000000127637675	1645.7417364085418
0.020000001239366894	1645.7417354893146
0.02000000120338778	1645.741734594417
0.020000001168411982	1645.7417337232403
0.020000001134412766	1645.7417328751897
0.02000000110136407	1645.7417320496859
0.0200000010692405	1645.7417312461612
0.020000001038017298	1645.7417304640635
0.020000001007670336	1645.7417297028508
0.020000000978176107	1645.7417289619966
0.020000000949511692	1645.7417282409851
0.020000000921654767	1645.7417275393138
0.020000000894583574	1645.7417268564914
0.02000000086827691	1645.7417261920384
0.020000000842714118	1645.741725545487
0.02000000081787507	1645.7417249163802
0.020000000793740168	1645.7417243042728
0.0200000007702903	1645.741723708729
0.020000000747506855	1645.7417231293239
0.020000000725371704	1645.7417225656436
0.020000000703867184	1645.741722017283
0.020000000682976096	1645.7417214838476
0.02000000066268168	1645.7417209649523
0.02000000064296762	1645.741720460221
0.020000000623818015	1645.7417199692866
0.020000000605217387	1645.7417194917914
0.020000000587150662	1645.7417190273864
0.02000000056960315	1645.741718575731
0.020000000552560557	1645.7417181364924
0.020000000536008956	1645.7417177093473
0.020000000519934794	1645.7417172939795
0.020000000504324867	1645.74171689008
0.02000000048916632	1645.7417164973479
0.020000000474446642	1645.74171611549
0.020000000460153648	1645.7417157442203
0.02000000044627548	1645.74171538326
0.020000000432800584	1645.7417150323367
0.02000000041971773	1645.7417146911848
0.020000000407015966	1645.7417143595462
0.020000000394684653	1645.7417140371674
0.020000000382713417	1645.7417137238037
0.02000000037109217	1645.7417134192146
0.020000000359811095	1645.7417131231664
0.020000000348860635	1645.7417128354311
0.020000000338231485	1645.7417125557868
0.020000000327914595	1645.7417122840168
0.02000000031790116	1645.7417120199098
0.02000000030818261	1645.7417117632597
0.020000000298750605	1645.7417115138667
0.020000000289597027	1645.741711271535
0.02000000028071399	1645.7417110360739
0.020000000272093806	1645.7417108072977
0.020000000263729008	1645.7417105850259
0.020000000255612327	1645.7417103690816
0.02000000024773669	1645.7417101592941
0.020000000240095208	1645.7417099554953
0.020000000232681205	1645.741709757522
0.020000000225488167	1645.7417095652154
0.020000000218509763	1645.7417093784213
0.020000000211739834	1645.7417091969887
0.020000000205172397	1645.7417090207707
0.020000000198801625	1645.7417088496243
0.020000000192621856	1645.74170868341
0.02000000018662758	1645.7417085219922
0.020000000180813448	1645.741708365239
0.020000000175174247	1645.7417082130214
0.020000000169704914	1645.741708065214
0.020000000164400525	1645.7417079216946
0.020000000159256296	1645.741707782345
0.02000000015426758	1645.741707647049
0.02000000014942984	1645.7417075156939
0.020000000144738683	1645.74170738817
0.02000000014018984	1645.7417072643705
0.02000000013577915	1645.7417071441914
0.020000000131502573	1645.7417070275317
0.02000000012735618	1645.7417069142923
0.020000000123336165	1645.7417068043783
0.02000000011943881	1645.7417066976952
0.020000000115660513	1645.7417065941527
0.020000000111997773	1645.7417064936624
0.020000000108447182	1645.7417063961382
0.020000000105005432	1645.7417063014957
0.020000000101669305	1645.7417062096538
0.020000000098435687	1645.7417061205333
0.020000000095301538	1645.741706034057
0.020000000092263905	1645.7417059501495
0.020000000089319934	1645.741705868738
0.02000000008646683	1645.7417057897512
0.0200000000837019	1645.74170571312
0.02000000008102251	1645.741705638777
0.020000000078426106	1645.7417055666565
0.020000000075910213	1645.7417054966952
0.020000000073472426	1645.7417054288312
0.020000000071110406	1645.7417053630043
0.02000000006882188	1645.7417052991557
0.02000000006660464	1645.741705237228
0.02000000006445655	1645.7417051771663
0.020000000062375525	1645.7417051189163
0.020000000060359548	1645.7417050624256
0.020000000058406655	1645.7417050076435
0.02000000005651494	1645.7417049545204
0.020000000054682554	1645.7417049030082
0.020000000052907703	1645.7417048530597
0.02000000005118864	1645.7417048046298
0.020000000049523677	1645.7417047576741
0.020000000047911165	1645.7417047121492
0.02000000004634951	1645.7417046680134
0.020000000044837166	1645.741704625226
0.020000000043372625	1645.7417045837472
0.020000000041954433	1645.7417045435386
0.02000000004058117	1645.7417045045631
0.020000000039251464	1645.7417044667843
0.020000000037963976	1645.741704430167
0.020000000036717414	1645.7417043946762
0.02000000003551052	1645.7417043602795
0.020000000034342075	1645.741704326944
0.02000000003321089	1645.7417042946386
0.02000000003211582	1645.7417042633324
0.02000000003105576	1645.7417042329955
0.020000000030029618	1645.7417042035993
0.020000000029036343	1645.7417041751157
0.02000000002807492	1645.7417041475173
0.020000000027144364	1645.7417041207775
0.020000000026243712	1645.7417040948712
0.02000000002537204	1645.7417040697733
0.020000000024528446	1645.741704045459
0.020000000023712047	1645.7417040219052
0.020000000022922	1645.7417039990887
0.02000000002215749	1645.7417039769875
0.02000000002141771	1645.7417039555799
0.02000000002070188	1645.741703934845
0.020000000020009265	1645.7417039147622
0.020000000019339124	1645.7417038953122
0.020000000018690754	1645.7417038764756
0.020000000018063468	1645.7417038582334
0.020000000017456606	1645.741703840568
0.020000000016869524	1645.7417038234616
0.020000000016301592	1645.741703806897
0.02000000001575221	1645.741703790858
0.020000000015220794	1645.7417037753285
0.02000000001470677	1645.7417037602925
0.02000000001420959	1645.7417037457355
0.020000000013728716	1645.7417037316422
0.020000000013263627	1645.7417037179985
0.02000000001281383	1645.7417037047906
0.020000000012378828	1645.7417036920049
0.020000000011958147	1645.7417036796285
0.020000000011551333	1645.7417036676488
0.020000000011157947	1645.741703656054
0.020000000010777556	1645.7417036448312
0.02000000001040974	1645.7417036339696
0.0200000000100541	1645.7417036234574
0.020000000009710243	1645.741703613284
0.020000000009377787	1645.741703603439
0.020000000009056367	1645.7417035939118
0.020000000008745626	1645.7417035846925
0.02000000000844522	1645.7417035757715
0.020000000008154814	1645.74170356714
0.02000000000787408	1645.7417035587878
0.02000000000760271	1645.7417035507071
0.0200000000073404	1645.7417035428887
0.020000000007086852	1645.7417035353249
0.020000000006841778	1645.7417035280073
0.020000000006604908	1645.7417035209287
0.02000000000637597	1645.7417035140807
0.020000000006154706	1645.7417035074561
0.020000000005940856	1645.7417035010478
0.020000000005734188	1645.7417034948492
0.020000000005534462	1645.7417034888538
0.02000000000534145	1645.741703483055
0.02000000000515493	1645.7417034774462
0.020000000004974688	1645.7417034720215
0.020000000004800515	1645.7417034667749
0.020000000004632205	1645.7417034617004
0.020000000004469567	1645.7417034567925
0.02000000000431242	1645.7417034520463
0.020000000004160568	1645.7417034474565
0.020000000004013842	1645.741703443018
0.020000000003872066	1645.7417034387254
0.020000000003735075	1645.7417034345742
0.020000000003602712	1645.7417034305602
0.020000000003474818	1645.7417034266782
0.020000000003351236	1645.7417034229243
0.02000000000323183	1645.741703419294
0.020000000003116452	1645.741703415783
0.020000000003004968	1645.7417034123878
0.02000000000289724	1645.7417034091047
0.020000000002793138	1645.7417034059301
0.02000000000269254	1645.7417034028601
0.02000000000259533	1645.741703399891
0.02000000000250139	1645.7417033970196
0.020000000002410593	1645.7417033942427
0.02000000000232284	1645.7417033915563
0.02000000000223802	1645.741703388958
0.02000000000215603	1645.7417033864444
0.02000000000207677	1645.7417033840127
0.02000000000200014	1645.7417033816603
0.02000000000192605	1645.741703379384
0.020000000001854406	1645.7417033771812
0.020000000001785118	1645.7417033750494
0.0200000000017181	1645.7417033729862
0.02000000000165326	1645.7417033709892
0.02000000000159053	1645.7417033690558
0.02000000000152983	1645.7417033671836
0.02000000000147107	1645.7417033653705
0.020000000001414185	1645.7417033636145
0.020000000001359097	1645.741703361913
0.020000000001305737	1645.7417033602644
0.02000000000125404	1645.7417033586664
0.020000000001203933	1645.7417033571166
0.02000000000115535	1645.7417033556133
0.020000000001108232	1645.7417033541547
0.020000000001062515	1645.7417033527393
0.020000000001018134	1645.7417033513643
0.02000000000097504	1645.7417033500285
0.02000000000093316	1645.74170334873
0.020000000000892446	1645.7417033474671
0.020000000000852846	1645.7417033462384
0.0200000000008143	1645.7417033450415
0.020000000000776754	1645.7417033438753
0.020000000000740155	1645.7417033427384
0.020000000000704458	1645.741703341629
0.020000000000669607	1645.7417033405459
0.02000000000063555	1645.7417033394872
0.020000000000602244	1645.741703338451
0.020000000000569635	1645.7417033374363
0.020000000000537674	1645.741703336442
0.020000000000506318	1645.7417033354666
0.020000000000475516	1645.7417033345089
0.020000000000445224	1645.7417033335673
0.020000000000415397	1645.7417033326399
0.02000000000038599	1645.7417033317256
0.020000000000356948	1645.741703330823
0.020000000000328234	1645.7417033299305
0.020000000000299795	1645.741703329047
0.020000000000271592	1645.7417033281708
0.020000000000243576	1645.7417033273005
0.020000000000215703	1645.7417033264342
0.020000000000187916	1645.7417033255706
0.02000000000016018	1645.7417033247082
0.020000000000132447	1645.7417033238457
