0.02	1645.7417033186725
0.020000000000000004	1645.7417033186725
0.020000000000000004	1645.7417033186725
0.020000000000000004	1645.7417033186725
0.020000000000000004	1645.7417033186725
0.020000000000000004	1645.7417033186725
0.020000000000000004	1645.7417033186725
0.020000000000000004	1645.7417033186725
0.020000000000000004	1645.7417033186725
0.020000000000000004	1645.7417033186725
0.020000000000000004	1645.7417033186725
0.020000000000000004	1645.7417033186725
0.020000000000000004	1645.7417033186725
0.020000000000000004	1645.7417033186725
0.020000000000000004	1645.7417033186725
0.020000000000000004	1645.7417033186725
0.020000000000000004	1645.7417033186725
0.020000000000000004	1645.7417033186725
0.020000000000000004	1645.7417033186725
0.020000000000000004	1645.7417033186725
0.020000000000000004	1645.7417033186725
0.020000000000000004	1645.7417033186725
0.020000000000000004	1645.7417033186725
0.020000000000000004	1645.7417033186725
0.020000000000000004	1645.7417033186725
0.020000000000000004	1645.7417033186725
0.020000000000000004	1645.7417033186725
0.020000000000000004	1645.7417033186725
0.020000000000000004	1645.7417033186725
0.020000000000000004	1645.7417033186725
0.020000000000000004	1645.7417033186725
0.020000000000000004	1645.7417033186725
0.020000000000000004	1645.7417033186725
0.020000000000000004	1645.7417033186725
0.020000000000000004	1645.7417033186725
0.020000000000000004	1645.7417033186725
0.020000000000000004	1645.7417033186725
0.020000000000000004	1645.7417033186725
0.020000000000000004	1645.7417033186725
0.020000000000000004	1645.7417033186725
0.020000000000000004	1645.7417033186725
0.020000000000000004	1645.7417033186725
0.020000000000000004	1645.7417033186725
0.020000000000000004	1645.7417033186725
0.020000000000000004	1645.7417033186725
0.020000000000000004	1645.7417033186725
0.020000000000000004	1645.7417033186725
0.020000000000000004	1645.7417033186725
0.020000000000000004	1645.7417033186725
0.020000000000000004	1645.7417033186725
0.020000000000000004	1645.7417033186725
0.020000000000000004	1645.7417033186725
0.020000000000000004	1645.7417033186725
0.020000000000000004	1645.7417033186725
0.020000000000000004	1645.7417033186725
0.020000000000000004	1645.7417033186725
0.020000000000000004	1645.7417033186725
0.020000000000000004	1645.7417033186725
0.020000000000000004	1645.7417033186725
0.020000000000000004	1645.7417033186725
0.020000000000000004	1645.7417033186725
0.020000000000000004	1645.7417033186725
0.020000000000000004	1645.7417033186725
0.020000000000000004	1645.7417033186725
0.020000000000000004	1645.7417033186725
0.020000000000000004	1645.7417033186725
0.020000000000000004	1645.7417033186725
0.020000000000000004	1645.7417033186725
0.020000000000000004	1645.7417033186725
0.020000000000000004	1645.7417033186725
0.020000000000000004	1645.7417033186725
0.020000000000000004	1645.7417033186725
0.020000000000000004	1645.7417033186725
0.020000000000000004	1645.7417033186725
0.020000000000000004	1645.7417033186725
0.020000000000000004	1645.7417033186725
0.020000000000000004	1645.7417033186725
0.020000000000000004	1645.7417033186725
0.020000000000000004	1645.7417033186725
0.020000000000000004	1645.7417033186725
0.020000000000000004	1645.7417033186725
0.020000000000000004	1645.7417033186725
0.020000000000000004	1645.7417033186725
0.020000000000000004	1645.7417033186725
0.020000000000000004	1645.7417033186725
0.020000000000000004	1645.7417033186725
0.020000000000000004	1645.7417033186725
0.020000000000000004	1645.7417033186725
0.020000000000000004	1645.7417033186725
0.020000000000000004	1645.7417033186725
0.020000000000000004	1645.7417033186725
0.020000000000000004	1645.7417033186725
0.020000000000000004	1645.7417033186725
0.020000000000000004	1645.7417033186725
0.020000000000000004	1645.7417033186725
0.020000000000000004	1645.7417033186725
0.020000000000000004	1645.7417033186725
0.020000000000000004	1645.7417033186725
0.020000000000000004	1645.7417033186725
0.020000000000000004	1645.7417033186725
0.020000000000000004	1645.7417033186725
0.020000000000000004	1645.7417033186725
0.020000000000000004	1645.7417033186725
0.020000000000000004	1645.7417033186725
0.020000000000000004	1645.7417033186725
0.020000000000000004	1645.7417033186725
0.020000000000000004	1645.7417033186725
0.020000000000000004	1645.7417033186725
0.020000000000000004	1645.7417033186725
0.020000000000000004	1645.7417033186725
0.020000000000000004	1645.7417033186725
0.020000000000000004	1645.7417033186725
0.020000000000000004	1645.7417033186725
0.020000000000000004	1645.7417033186725
0.020000000000000004	1645.7417033186725
0.020000000000000004	1645.7417033186725
0.020000000000000004	1645.7417033186725
0.020000000000000004	1645.7417033186725
0.020000000000000004	1645.7417033186725
0.020000000000000004	1645.7417033186725
0.020000000000000004	1645.7417033186725
0.020000000000000004	1645.7417033186725
0.020000000000000004	1645.7417033186725
0.020000000000000004	1645.7417033186725
0.020000000000000004	1645.7417033186725
0.020000000000000004	1645.7417033186725
0.020000000000000004	1645.7417033186725
0.020000000000000004	1645.7417033186725
0.020000000000000004	1645.7417033186725
0.020000000000000004	1645.7417033186725
0.020000000000000004	1645.7417033186725
0.020000000000000004	1645.7417033186725
0.020000000000000004	1645.7417033186725
0.020000000000000004	1645.7417033186725
0.020000000000000004	1645.7417033186725
0.020000000000000004	1645.7417033186725
0.020000000000000004	1645.7417033186725
0.020000000000000004	1645.7417033186725
0.020000000000000004	1645.7417033186725
0.020000000000000004	1645.7417033186725
0.020000000000000004	1645.7417033186725
0.020000000000000004	1645.7417033186725
0.020000000000000004	1645.7417033186725
0.020000000000000004	1645.7417033186725
0.020000000000000004	1645.7417033186725
0.020000000000000004	1645.7417033186725
0.020000000000000004	1645.7417033186725
0.020000000000000004	1645.7417033186725
0.020000000000000004	1645.7417033186725
0.020000000000000004	1645.7417033186725
0.020000000000000004	1645.7417033186725
0.020000000000000004	1645.7417033186725
0.020000000000000004	1645.7417033186725
0.020000000000000004	1645.7417033186725
0.020000000000000004	1645.7417033186725
0.020000000000000004	1645.7417033186725
0.020000000000000004	1645.7417033186725
0.020000000000000004	1645.7417033186725
0.020000000000000004	1645.7417033186725
0.020000000000000004	1645.7417033186725
0.020000000000000004	1645.7417033186725
0.020000000000000004	1645.7417033186725
0.020000000000000004	1645.7417033186725
0.020000000000000004	1645.7417033186725
0.020000000000000004	1645.7417033186725
0.020000000000000004	1645.7417033186725
0.020000000000000004	1645.7417033186725
0.020000000000000004	1645.7417033186725
0.020000000000000004	1645.7417033186725
0.020000000000000004	1645.7417033186725
0.020000000000000004	1645.7417033186725
0.020000000000000004	1645.7417033186725
0.020000000000000004	1645.7417033186725
0.020000000000000004	1645.7417033186725
0.020000000000000004	1645.7417033186725
0.020000000000000004	1645.7417033186725
0.020000000000000004	1645.7417033186725
0.020000000000000004	1645.7417033186725
0.020000000000000004	1645.7417033186725
0.020000000000000004	1645.7417033186725
0.020000000000000004	1645.7417033186725
0.020000000000000004	1645.7417033186725
0.020000000000000004	1645.7417033186725
0.020000000000000004	1645.7417033186725
0.020000000000000004	1645.7417033186725
0.020000000000000004	1645.7417033186725
0.020000000000000004	1645.7417033186725
0.020000000000000004	1645.7417033186725
0.020000000000000004	1645.7417033186725
0.020000000000000004	1645.7417033186725
0.020000000000000004	1645.7417033186725
0.020000000000000004	1645.7417033186725
0.020000000000000004	1645.7417033186725
0.020000000000000004	1645.7417033186725
0.020000000000000004	1645.7417033186725
0.020000000000000004	1645.7417033186725
0.020000000000000004	1645.7417033186725
0.020000000000000004	1645.7417033186725
0.020000000000000004	1645.7417033186725
0.020000000000000004	1645.7417033186725
0.020000000000000004	1645.7417033186725
0.020000000000000004	1645.7417033186725
0.020000000000000004	1645.7417033186725
0.020000000000000004	1645.7417033186725
0.020000000000000004	1645.7417033186725
0.020000000000000004	1645.7417033186725
0.020000000000000004	1645.7417033186725
0.020000000000000004	1645.7417033186725
0.020000000000000004	1645.7417033186725
0.020000000000000004	1645.7417033186725
0.020000000000000004	1645.7417033186725
0.020000000000000004	1645.7417033186725
0.020000000000000004	1645.7417033186725
0.020000000000000007	1645.7417033186725
0.02000000000000001	1645.7417033186725
0.020000000000000018	1645.7417033186725
0.020000000000000028	1645.7417033186725
0.02000000000000004	1645.7417033186725
0.020000000000000052	1645.7417033186725
0.02000000000000007	1645.7417033186725
0.020000000000000087	1645.7417033186725
0.020000000000000108	1645.7417033186725
0.020000000000000132	1645.7417033186725
0.020000000000000157	1645.7417033186723
0.020000000000000184	1645.741703318672
0.020000000000000216	1645.7417033186716
0.020000000000000247	1645.7417033186712
0.02000000000000028	1645.7417033186705
0.02000000000000032	1645.7417033186698
0.020000000000000358	1645.7417033186687
0.0200000000000004	1645.7417033186675
0.020000000000000445	1645.7417033186662
0.02000000000000049	1645.7417033186648
0.020000000000000538	1645.7417033186632
0.02000000000000059	1645.7417033186616
0.020000000000000642	1645.7417033186598
0.020000000000000698	1645.7417033186578
0.020000000000000757	1645.7417033186557
0.020000000000000816	1645.7417033186532
0.020000000000000878	1645.7417033186507
0.020000000000000944	1645.741703318648
0.02000000000000101	1645.7417033186452
0.02000000000000108	1645.7417033186423
0.020000000000001152	1645.7417033186393
0.020000000000001225	1645.7417033186362
0.0200000000000013	1645.7417033186327
0.02000000000000138	1645.7417033186293
0.02000000000000146	1645.7417033186257
0.020000000000001544	1645.7417033186218
0.02000000000000163	1645.741703318618
0.020000000000001718	1645.7417033186139
0.020000000000001808	1645.7417033186096
0.0200000000000019	1645.7417033186052
0.020000000000001995	1645.7417033186007
0.020000000000002092	1645.741703318596
0.020000000000002193	1645.7417033185911
0.020000000000002294	1645.7417033185861
0.020000000000002398	1645.741703318581
0.020000000000002505	1645.7417033185757
0.020000000000002623	1645.74170331857
0.020000000000002748	1645.7417033185639
0.020000000000002884	1645.7417033185577
0.020000000000003026	1645.7417033185513
0.02000000000000318	1645.7417033185448
0.02000000000000334	1645.741703318538
0.02000000000000351	1645.741703318531
0.020000000000003692	1645.741703318524
0.020000000000003886	1645.7417033185163
0.020000000000004087	1645.7417033185084
0.020000000000004296	1645.7417033185
0.020000000000004518	1645.7417033184909
0.020000000000004747	1645.741703318481
0.020000000000004983	1645.7417033184709
0.020000000000005232	1645.74170331846
0.02000000000000549	1645.7417033184483
0.020000000000005756	1645.741703318436
0.02000000000000603	1645.741703318423
0.02000000000000632	1645.7417033184097
0.020000000000006617	1645.7417033183956
0.020000000000006932	1645.7417033183808
0.020000000000007262	1645.7417033183656
0.020000000000007612	1645.7417033183497
0.020000000000007977	1645.741703318333
0.020000000000008362	1645.7417033183158
0.02000000000000876	1645.7417033182978
0.02000000000000918	1645.7417033182796
0.020000000000009618	1645.7417033182603
0.02000000000001007	1645.74170331824
0.020000000000010544	1645.7417033182187
0.020000000000011044	1645.7417033181962
0.020000000000011568	1645.7417033181725
0.020000000000012116	1645.7417033181478
0.02000000000001269	1645.7417033181218
0.020000000000013292	1645.741703318095
0.020000000000013916	1645.7417033180668
0.02000000000001457	1645.7417033180375
0.020000000000015252	1645.741703318007
0.02000000000001597	1645.7417033179747
0.02000000000001672	1645.741703317941
0.0200000000000175	1645.7417033179056
0.020000000000018316	1645.7417033178683
0.020000000000019166	1645.7417033178297
0.020000000000020057	1645.7417033177892
0.02000000000002099	1645.7417033177471
0.02000000000002197	1645.7417033177028
0.020000000000022992	1645.7417033176564
0.020000000000024065	1645.741703317608
0.02000000000002519	1645.7417033175573
0.020000000000026365	1645.7417033175045
0.020000000000027593	1645.7417033174497
0.02000000000002888	1645.7417033173922
0.020000000000030226	1645.741703317332
0.020000000000031635	1645.741703317269
0.02000000000003311	1645.741703317203
0.020000000000034653	1645.7417033171341
0.020000000000036267	1645.7417033170616
0.020000000000037953	1645.7417033169856
0.02000000000003971	1645.7417033169063
0.020000000000041554	1645.7417033168233
0.02000000000004348	1645.7417033167364
0.0200000000000455	1645.7417033166455
0.02000000000004761	1645.7417033165502
0.020000000000049825	1645.7417033164506
0.020000000000052143	1645.7417033163465
0.020000000000054568	1645.7417033162376
0.0200000000000571	1645.7417033161237
0.02000000000005975	1645.7417033160048
0.020000000000062527	1645.7417033158804
0.020000000000065424	1645.74170331575
0.020000000000068453	1645.741703315614
0.020000000000071627	1645.7417033154716
0.020000000000074944	1645.7417033153226
0.02000000000007841	1645.7417033151671
0.020000000000082035	1645.7417033150045
0.020000000000085828	1645.7417033148345
0.020000000000089797	1645.7417033146564
0.02000000000009395	1645.7417033144704
0.020000000000098293	1645.7417033142763
0.02000000000010284	1645.7417033140725
0.02000000000010759	1645.7417033138595
0.020000000000112556	1645.7417033136364
0.02000000000011775	1645.7417033134031
0.020000000000123176	1645.7417033131596
0.02000000000012885	1645.7417033129052
0.020000000000134775	1645.7417033126394
0.020000000000140974	1645.7417033123613
0.020000000000147462	1645.741703312071
0.020000000000154245	1645.7417033117674
0.02000000000016133	1645.7417033114505
0.02000000000016874	1645.741703311119
0.020000000000176484	1645.741703310772
0.020000000000184575	1645.7417033104089
0.020000000000193034	1645.7417033100296
0.020000000000201877	1645.7417033096333
0.020000000000211123	1645.7417033092192
0.020000000000220782	1645.7417033087868
0.02000000000023088	1645.741703308335
0.020000000000241436	1645.7417033078627
0.02000000000025247	1645.7417033073689
0.020000000000264	1645.741703306853
0.020000000000276054	1645.7417033063136
0.02000000000028865	1645.7417033057504
0.020000000000301808	1645.7417033051615
0.02000000000031556	1645.7417033045458
0.02000000000032993	1645.7417033039023
0.020000000000344947	1645.7417033032298
0.020000000000360636	1645.7417033025274
0.020000000000377036	1645.7417033017937
0.020000000000394168	1645.7417033010267
0.02000000000041206	1645.7417033002255
0.02000000000043076	1645.7417032993887
0.020000000000450296	1645.7417032985145
0.020000000000470707	1645.741703297601
0.020000000000492027	1645.7417032966466
0.020000000000514304	1645.7417032956498
0.020000000000537577	1645.7417032946084
0.020000000000561888	1645.7417032935211
0.02000000000058728	1645.7417032923852
0.020000000000613808	1645.741703291199
0.020000000000641515	1645.7417032899598
0.02000000000067046	1645.7417032886653
0.020000000000700693	1645.7417032873136
0.020000000000732272	1645.7417032859016
0.02000000000076526	1645.7417032844269
0.02000000000079971	1645.7417032828866
0.020000000000835693	1645.741703281278
0.02000000000087327	1645.7417032795981
0.020000000000912514	1645.7417032778437
0.020000000000953498	1645.7417032760118
0.020000000000996297	1645.7417032740989
0.020000000001040987	1645.741703272101
0.020000000001087655	1645.741703270015
0.02000000000113639	1645.7417032678372
0.02000000000118728	1645.741703265563
0.020000000001240418	1645.7417032631884
0.020000000001295898	1645.7417032607086
0.020000000001353824	1645.74170325812
0.020000000001414303	1645.7417032554176
0.02000000000147745	1645.7417032525964
0.02000000000154338	1645.741703249651
0.020000000001612214	1645.741703246576
0.02000000000168407	1645.741703243366
0.02000000000175909	1645.7417032400149
0.0200000000018374	1645.7417032365172
0.02000000000191915	1645.7417032328656
0.020000000002004487	1645.7417032290546
0.020000000002093572	1645.7417032250767
0.02000000000218656	1645.7417032209246
0.020000000002283618	1645.741703216591
0.02000000000238493	1645.7417032120677
0.02000000000249067	1645.7417032073467
0.02000000000260104	1645.7417032024196
0.02000000000271623	1645.7417031972773
0.020000000002836447	1645.74170319191
0.02000000000296192	1645.741703186309
0.020000000003092863	1645.7417031804641
0.02000000000322951	1645.7417031743653
0.020000000003372116	1645.7417031680004
0.020000000003520937	1645.7417031613584
0.020000000003676237	1645.7417031544278
0.020000000003838295	1645.741703147196
0.020000000004007396	1645.74170313965
0.020000000004183845	1645.7417031317768
0.02000000000436795	1645.7417031235623
0.020000000004560054	1645.7417031149917
0.02000000000476049	1645.7417031060493
0.020000000004969622	1645.7417030967204
0.020000000005187812	1645.7417030869874
0.020000000005415453	1645.7417030768333
0.02000000000565295	1645.7417030662402
0.02000000000590072	1645.7417030551896
0.020000000006159206	1645.7417030436613
0.02000000000642886	1645.7417030316353
0.020000000006710168	1645.7417030190907
0.02000000000700361	1645.741703006005
0.020000000007309716	1645.7417029923556
0.020000000007629023	1645.7417029781184
0.020000000007962093	1645.7417029632682
0.020000000008309503	1645.7417029477792
0.020000000008671876	1645.7417029316243
0.02000000000904984	1645.741702914775
0.020000000009444054	1645.7417028972025
0.02000000000985521	1645.7417028788752
0.020000000010284034	1645.741702859762
0.020000000010731267	1645.7417028398286
0.020000000011197692	1645.7417028190416
0.020000000011684123	1645.7417027973638
0.0200000000121914	1645.741702774758
0.020000000012720412	1645.741702751185
0.02000000001327208	1645.7417027266035
0.020000000013847358	1645.7417027009712
0.02000000001444724	1645.741702674244
0.02000000001507277	1645.7417026463754
0.020000000015725026	1645.741702617317
0.020000000016405138	1645.7417025870195
0.020000000017114283	1645.74170255543
0.020000000017853684	1645.741702522495
0.020000000018624613	1645.7417024881572
0.020000000019428393	1645.7417024523577
0.020000000020266414	1645.7417024150352
0.020000000021140114	1645.7417023761257
0.020000000022050993	1645.7417023355622
0.02000000002300061	1645.7417022932755
0.020000000023990588	1645.7417022491936
0.020000000025022634	1645.741702203241
0.020000000026098502	1645.7417021553392
0.020000000027220036	1645.741702105407
0.02000000002838915	1645.741702053359
0.02000000002960783	1645.7417019991067
0.020000000030878158	1645.7417019425575
0.020000000032202293	1645.741701883616
0.020000000033582488	1645.7417018221822
0.02000000003502109	1645.7417017581522
0.020000000036520537	1645.7417016914173
0.020000000038083367	1645.7417016218644
0.020000000039712227	1645.7417015493763
0.020000000041409876	1645.7417014738305
0.020000000043179186	1645.7417013950997
0.020000000045023142	1645.741701313051
0.020000000046944858	1645.7417012275464
0.02000000004894757	1645.7417011384423
0.02000000005103465	1645.7417010455893
0.020000000053209614	1645.741700948831
0.020000000055476117	1645.7417008480052
0.02000000005783796	1645.7417007429426
0.020000000060299117	1645.741700633468
0.020000000062863704	1645.7417005193986
0.020000000065536015	1645.7417004005429
0.02000000006832052	1645.741700276703
0.020000000071221876	1645.7417001476724
0.020000000074244927	1645.7417000132361
0.020000000077394716	1645.7416998731699
0.020000000080676494	1645.7416997272408
0.020000000084095734	1645.7416995752064
0.02000000008765812	1645.7416994168143
0.020000000091369582	1645.7416992518015
0.02000000009523628	1645.7416990798952
0.020000000099264642	1645.7416989008102
0.02000000010346134	1645.7416987142503
0.02000000010783333	1645.7416985199072
0.02000000011238784	1645.7416983174594
0.020000000117132412	1645.7416981065735
0.020000000122074885	1645.7416978869016
0.020000000127223427	1645.7416976580814
0.020000000132586522	1645.7416974197372
0.02000000013817301	1645.7416971714763
0.020000000143992096	1645.7416969128913
0.020000000150053356	1645.7416966435576
0.020000000156366753	1645.741696363033
0.020000000162942656	1645.7416960708583
0.02000000016979187	1645.7416957665546
0.020000000176925613	1645.7416954496246
0.020000000184355583	1645.7416951195498
0.020000000192093942	1645.7416947757908
0.020000000200153353	1645.7416944177874
0.02000000020854698	1645.7416940449557
0.020000000217288535	1645.7416936566879
0.020000000226392287	1645.7416932523524
0.02000000023587308	1645.7416928312912
0.020000000245746358	1645.7416923928201
0.020000000256028192	1645.7416919362274
0.020000000266735308	1645.7416914607725
0.020000000277885108	1645.741690965684
0.0200000002894957	1645.7416904501608
0.020000000301585916	1645.741689913368
0.020000000314175363	1645.7416893544373
0.02000000032728444	1645.7416887724662
0.020000000340934364	1645.7416881665154
0.020000000355147225	1645.7416875356064
0.02000000036994599	1645.7416868787232
0.020000000385354554	1645.7416861948077
0.020000000401397783	1645.741685482759
0.02000000041810155	1645.741684741432
0.020000000435492767	1645.7416839696366
0.020000000453599433	1645.7416831661328
0.020000000472450687	1645.7416823296319
0.020000000492076824	1645.7416814587934
0.020000000512509383	1645.7416805522228
0.020000000533781148	1645.741679608469
0.020000000555926243	1645.741678626024
0.020000000578980163	1645.741677603317
0.02000000060297983	1645.7416765387152
0.020000000627963647	1645.7416754305214
0.02000000065397158	1645.7416742769678
0.020000000681045176	1645.7416730762184
0.020000000709227667	1645.741671826362
0.02000000073856403	1645.7416705254116
0.020000000769101037	1645.7416691712997
0.020000000800887346	1645.7416677618764
0.020000000833973568	1645.741666294906
0.02000000086841235	1645.7416647680632
0.02000000090425843	1645.7416631789295
0.020000000941568764	1645.7416615249897
0.02000000098040259	1645.741659803628
0.020000001020821515	1645.7416580121248
0.020000001062889614	1645.7416561476516
0.020000001106673538	1645.7416542072667
0.0200000011522426	1645.741652187911
0.020000001199668885	1645.7416500864042
0.02000000124902737	1645.7416478994378
0.02000000130039603	1645.7416456235726
0.02000000135385597	1645.741643255232
0.020000001409491507	1645.7416407906974
0.020000001467390366	1645.7416382261015
0.020000001527643755	1645.7416355574242
0.020000001590346535	1645.7416327804842
0.020000001655597347	1645.7416298909354
0.02000000172349878	1645.7416268842587
0.020000001794157514	1645.7416237557545
0.02000000186768448	1645.7416205005386
0.02000000194419503	1645.7416171135312
0.020000002023809128	1645.7416135894518
0.02000000210665151	1645.741609922811
0.020000002192851887	1645.7416061079018
0.020000002282545126	1645.7416021387908
0.02000000237587148	1645.74159800931
0.020000002472976775	1645.741593713048
0.020000002574012642	1645.741589243339
0.020000002679136746	1645.7415845932542
0.020000002788513015	1645.7415797555914
0.020000002902311898	1645.741574722864
0.020000003020710613	1645.7415694872905
0.02000000314389342	1645.7415640407808
0.020000003272051894	1645.7415583749282
0.02000000340538522	1645.7415524809937
0.020000003544100475	1645.7415463498942
0.02000000368841295	1645.7415399721895
0.02000000383854649	1645.7415333380684
0.02000000399473379	1645.7415264373337
0.02000000415721678	1645.7415192593878
0.020000004326246965	1645.741511793217
0.020000004502085802	1645.741504027376
0.020000004685005103	1645.7414959499708
0.020000004875287428	1645.7414875486404
0.020000005073226506	1645.74147881054
0.020000005279127694	1645.7414697223228
0.0200000054933084	1645.7414602701194
0.02000000571609857	1645.7414504395194
0.02000000594784118	1645.7414402155484
0.02000000618889273	1645.7414295826477
0.020000006439623793	1645.7414185246523
0.020000006700419556	1645.741407024766
0.020000006971680383	1645.7413950655396
0.0200000072538224	1645.7413826288441
0.02000000754727813	1645.7413696958454
0.02000000785249712	1645.7413562469774
0.020000008169946598	1645.7413422619138
0.020000008500112163	1645.74132771954
0.0200000088434985	1645.7413125979224
0.02000000920063013	1645.7412968742774
0.020000009572052158	1645.7412805249398
0.02000000995833108	1645.7412635253277
0.020000010360055626	1645.7412458499098
0.020000010777837588	1645.7412274721692
0.020000011212312745	1645.7412083645636
0.020000011664141767	1645.741188498491
0.02000001213401119	1645.7411678442463
0.020000012622634403	1645.7411463709818
0.02000001313075269	1645.741124046663
0.0200000136591363	1645.741100838024
0.020000014208585562	1645.7410767105237
0.02000001477993204	1645.7410516282948
0.020000015374039736	1645.7410255540967
0.020000015991806334	1645.7409984492633
0.02000001663416449	1645.7409702736497
0.020000017302083166	1645.740940985578
0.020000017996569017	1645.7409105417792
0.02000001871866785	1645.7408788973353
0.0200000194694661	1645.7408460056186
0.020000020250092395	1645.7408118182263
0.020000021061719147	1645.7407762849177
0.020000021905564224	1645.740739353544
0.020000022782892687	1645.740700969981
0.020000023695018573	1645.740661078052
0.020000024643306753	1645.7406196194586
0.02000002562917486	1645.7405765336987
0.020000026654095285	1645.7405317579867
0.020000027719597253	1645.7404852271704
0.020000028827268954	1645.7404368736463
0.02000002997875978	1645.740386627268
0.020000031175782626	1645.7403344152565
0.020000032420116266	1645.7402801621026
0.02000003371360785	1645.7402237894714
0.020000035058175446	1645.7401652160956
0.020000036455810707	1645.7401043576745
0.02000003790858162	1645.7400411267627
0.020000039418635353	1645.7399754326582
0.020000040988201212	1645.7399071812856
0.020000042619593702	1645.7398362750762
0.020000044315215692	1645.739762612843
0.02000004607756169	1645.739686089652
0.020000047909221236	1645.73960659669
0.020000049812882437	1645.7395240211272
0.020000051791335585	1645.7394382459752
0.020000053847476933	1645.7393491499404
0.020000055984312603	1645.739256607273
0.02000005820496261	1645.7391604876113
0.020000060512665046	1645.7390606558192
0.020000062910780405	1645.7389569718218
0.02000006540279606	1645.7388492904315
0.020000067992330884	1645.7387374611715
0.020000070683140036	1645.738621328093
0.020000073479119928	1645.7385007295852
0.020000076384313323	1645.738375498182
0.020000079402914653	1645.7382454603603
0.02000008253927549	1645.7381104363317
0.020000085797910214	1645.7379702398302
0.020000089183501858	1645.7378246778912
0.020000092700908176	1645.7376735506225
0.02000009635516788	1645.7375166509719
0.020000100151507126	1645.7373537644846
0.020000104095346187	1645.7371846690544
0.020000108192306354	1645.737009134667
0.02000011244821708	1645.7368269231354
0.020000116869123334	1645.7366377878268
0.020000121461293225	1645.7364414733838
0.02000012623122585	1645.7362377154334
0.020000131185659423	1645.7360262402904
0.02000013633157965	1645.73580676465
0.020000141676228392	1645.7355789952746
0.020000147227112564	1645.7353426286666
0.020000152992013392	1645.735097350735
0.02000015897899589	1645.734842836452
0.0200001651964187	1645.7345787494994
0.020000171652944206	1645.734304741904
0.020000178357548973	1645.7340204536633
0.020000185319534545	1645.7337255123623
0.020000192548538513	1645.7334195327753
0.020000200054546016	1645.7331021164623
0.02000020784790151	1645.732772851348
0.020000215939320956	1645.7324313112952
0.020000224339904376	1645.7320770556607
0.020000233061148766	1645.7317096288448
0.020000242114961413	1645.7313285598245
0.020000251513673642	1645.730933361674
0.020000261270054914	1645.7305235310773
0.0200002713973274	1645.7300985478219
0.020000281909180972	1645.7296578742828
0.020000292819788608	1645.7292009548923
0.020000304143822308	1645.7287272155952
0.020000315896469403	1645.7282360632914
0.020000328093449395	1645.7277268852629
0.020000340751031243	1645.727199048587
0.020000353886051172	1645.7266518995361
0.02000036751593097	1645.7260847629602
0.02000038165869681	1645.7254969416556
0.02000039633299861	1645.7248877157167
0.020000411558129903	1645.724256341876
0.020000427354048275	1645.7236020528226
0.020000443741396392	1645.7229240565096
0.02000046074152355	1645.7222215354425
0.020000478376507834	1645.7214936459509
0.020000496669178903	1645.7207395174446
0.02000051564314132	1645.7199582516532
0.020000535322798572	1645.7191489218458
0.02000055573337764	1645.7183105720364
0.020000576900954286	1645.7174422161695
0.020000598852478967	1645.716542837289
0.020000621615803394	1645.7156113866886
0.020000645219707798	1645.7146467830446
0.020000669693928868	1645.7136479115304
0.020000695069188387	1645.7126136229122
0.02000072137722258	1645.711542732624
0.02000074865081218	1645.7104340198289
0.02000077692381325	1645.7092862264583
0.020000806231188696	1645.7080980562298
0.020000836609040604	1645.7068681736512
0.020000868094643263	1645.705595203001
0.02000090072647702	1645.7042777272927
0.020000934544262883	1645.7029142872168
0.020000969588997945	1645.701503380067
0.020001005902991576	1645.7000434586437
0.020001043529902462	1645.698532930139
0.020001082514776426	1645.696970155003
0.02000112290408512	1645.6953534457919
0.020001164745765503	1645.6936810659922
0.020001208089260206	1645.6919512288305
0.020001252985558722	1645.6901620960618
0.020001299487239443	1645.6883117767388
0.020001347648512594	1645.6863983259614
0.020001397525264013	1645.684419743609
0.0200014491750998	1645.682373973053
0.020001502657391854	1645.6802588998507
0.020001558033324277	1645.678072350421
0.020001615365940684	1645.675812090702
0.020001674720192392	1645.673475824791
0.020001736162987466	1645.671061193566
0.0200017997632407	1645.668565773292
0.02000186559192449	1645.665987074207
0.020001933722120516	1645.6633225390945
0.02000200422907243	1645.6605695418386
0.02000207719023934	1645.6577253859646
0.0200021526853502	1645.654787303161
0.020002230796459085	1645.6517524517903
0.020002311608001345	1645.6486179153853
0.0200023952068506	1645.6453807011296
0.020002481682376613	1645.6420377383256
0.020002571126504016	1645.6385858768529
0.020002663633771844	1645.6350218856105
0.020002759301393953	1645.6313424509522
0.020002858229320186	1645.6275441751093
0.02000296052029841	1645.6236235746035
0.020003066279937278	1645.6195770786528
0.02000317561676984	1645.61540102757
0.020003288642317825	1645.6110916711514
0.020003405471156716	1645.6066451670622
0.02000352622098153	1645.6020575792165
0.020003651012673273	1645.5973248761534
0.020003779970366092	1645.5924429294103
0.02000391322151504	1645.5874075118936
0.020004050896964484	1645.5822142962502
0.020004193131017107	1645.5768588532405
0.020004340061503437	1645.5713366501109
0.020004491829851954	1645.5656430489714
0.020004648581159638	1645.559773305179
0.020004810464262997	1645.553722565723
0.020004977631809542	1645.5474858676232
0.020005150240329617	1645.541058136334
0.020005328450308547	1645.5344341841585
0.02000551242625915	1645.5276087086781
0.020005702336794436	1645.5205762911926
0.020005898354700548	1645.5133313951767
0.020006100657009848	1645.505868364756
0.02000630942507411	1645.4981814231987
0.020006524844637767	1645.4902646714306
0.020006747105911146	1645.4821120865715
0.02000697640364366	1645.4737175204978
0.020007212937196865	1645.46507469843
0.020007456910617328	1645.45617721755
0.020007708532709268	1645.4470185456491
0.02000796801710688	1645.4375920198086
0.02000823558234626	1645.4278908451154
0.020008511451936887	1645.4179080934148
0.020008795854432607	1645.4076367021034
0.020009089023501975	1645.3970694729614
0.02000939119799795	1645.3861990710334
0.02000970262202682	1645.3750180235502
0.02001002354501629	1645.3635187189032
0.02001035422178267	1645.3516934056688
0.020010694912597014	1645.3395341916873
0.020011045883250197	1645.3270330431956
0.020011407405116803	1645.31418178402
0.02001177975521771	1645.300972094832
0.020012163216281343	1645.2873955124653
0.020012558076803404	1645.2734434293002
0.02001296463110508	1645.2591070927172
0.020013383179389575	1645.2443776046223
0.02001381402779683	1645.2292459210469
0.02001425748845643	1645.2137028518239
0.020014713879538484	1645.1977390603452
0.02001518352530241	1645.1813450633992
0.020015666756143587	1645.164511231097
0.02001616390863759	1645.1472277868843
0.020016675325582097	1645.129484807643
0.02001720135603621	1645.1112722238895
0.0200177423553571	1645.092579820067
0.020018298685233943	1645.0733972349374
0.020018870713718908	1645.0537139620737
0.02001945881525518	1645.03351935046
0.02002006337070179	1645.012802605194
0.020020684767355256	1644.991552788304
0.020021323398967807	1644.9697588196748
0.020021979665762128	1644.9474094780905
0.02002265397444245	1644.9244934023939
0.02002334673820193	1644.9009990927684
0.02002405837672611	1644.8769149121397
0.02002478931619241	1644.8522290877047
0.020025539989265515	1644.8269297125878
0.02002631083508842	1644.8010047476268
0.020027102299269208	1644.7744420232923
0.020027914833863243	1644.7472292417406
0.020028748897350762	1644.7193539790053
0.020029604954609724	1644.6908036873267
0.020030483476883763	1644.6615656976226
0.020031384941745153	1644.6316272221022
0.020032309833052632	1644.6009753570272
0.020033258640904026	1644.569597085617
0.02003423186158345	1644.5374792811049
0.02003522999750308	1644.5046087099415
0.020036253557139286	1644.4709720351575
0.02003730305496312	1644.4365558198708
0.020038379011364904	1644.4013465309538
0.020039481952572928	1644.3653305428559
0.020040612410566115	1644.3284941415834
0.02004177092298052	1644.2908235288362
0.020042958033009605	1644.252304826306
0.020044174289298153	1644.2129240801314
0.020045420245829768	1644.1726672655159
0.0200466964618078	1644.131520291505
0.02004800350152971	1644.0894690059265
0.0200493419342547	1644.0464992004897
0.020050712334064552	1644.0025966160485
0.020052115279717637	1643.957746948025
0.02005355135449598	1643.911935851992
0.020055021146045345	1643.8651489494198
0.020056525246208236	1643.8173718335806
0.020058064250849814	1643.768590075611
0.020059638759676653	1643.7187892307356
0.020061249376048258	1643.6679548446461
0.02006289670678138	1643.6160724600356
0.020064581361947022	1643.5631276232866
0.02006630395466014	1643.5091058913144
0.020068065100862034	1643.453992838558
0.02006986541909537	1643.3977740641194
0.020071705530271888	1643.3404351990525
0.020073586057432737	1643.2819619137915
0.020075507625501473	1643.222339925722
0.020077470861029734	1643.1615550068925
0.02007947639193559	1643.0995929918565
0.02008152484723466	1643.0364397856495
0.02008361685676394	1642.9720813718932
0.020085753050898457	1642.9065038210244
0.020087934060260798	1642.8396932986443
0.02009016051542353	1642.7716360739853
0.020092433046604633	1642.7023185284872
0.020094752283356	1642.6317271644841
0.02009711885424507	1642.559848613993
0.020099533386529766	1642.4866696476
0.020101996505826718	1642.412177183439
0.020104508835773034	1642.3363582962604
0.020107070997681612	1642.2592002265767
0.020109683610190207	1642.1806903898885
0.020112347288904358	1642.1008163859801
0.020115062646034347	1642.0195660082773
0.020117830290026315	1641.9369272532635
0.020120650825187755	1641.8528883299482
0.02012352485130751	1641.7674376693797
0.02012645296327053	1641.680563934193
0.02012943575066749	1641.5922560281913
0.020132473797399575	1641.502503105949
0.02013556768127858	1641.411294582431
0.020138717973622582	1641.318620142622
0.020141925238847447	1641.2244697511524
0.0201451900340543	1641.1288336619223
0.020148512908613397	1641.0317024277053
0.020151894403744472	1640.9330669097328
0.020155335052093982	1640.8329182872453
0.02015883537730943	1640.7312480670018
0.0201623958936111	1640.628048092746
0.020166017105361502	1640.5233105546104
0.020169699506632815	1640.4170279984553
0.020173443580772644	1640.3091933351382
0.020177249799968457	1640.1997998496947
0.020181118624810954	1640.0888412104277
0.020185050503856758	1639.9763114779005
0.020189045873190804	1639.8622051138113
0.020193105155988666	1639.7465169897578
0.020197228762079328	1639.629242395867
0.02020141708750862	1639.51037704929
0.020205670514103814	1639.389917102549
0.02020998940903966	1639.2678591517317
0.02021437412440633	1639.144200244519
0.0202188249967796	1639.0189378880361
0.020223342346793655	1638.892070056528
0.020227926478716983	1638.763595198835
0.020232577680031685	1638.6335122456746
0.020237296221016676	1638.5018206167092
0.0202420823543351	1638.3685202273994
0.020246936314626495	1638.2336114956245
0.020251858318103954	1638.0970953480746
0.02025684856215688	1637.9589732263933
0.02026190722495964	1637.8192470930712
0.020267034465086545	1637.677919437077
0.02027223042113364	1637.5349932792224
0.02027749521134765	1637.3904721772485
0.020282828933262543	1637.2443602306291
0.020288231663344154	1637.0966620850836
0.020293703456643206	1636.9473829367885
0.020299244346457235	1636.7965285362866
0.020304854344001793	1636.6441051920813
0.020310533438091343	1636.4901197739114
0.02031628159483024	1636.3345797157021
0.020322098757314225	1636.1774930181832
0.020327984845342838	1636.0188682511696
0.020333939755143134	1635.8587145554989
0.020339963359105078	1635.6970416446206
0.020346055505529002	1635.5338598058343
0.020352216018385577	1635.3691799011644
0.02035844469708854	1635.2030133678784
0.020364741316280657	1635.0353722186342
0.020371105625633188	1634.8662690412618
0.020377537349659296	1634.6957169981674
0.020384036187541605	1634.5237298253624
0.02039060181297438	1634.3503218311153
0.020397233874020523	1634.1755078942197
0.020403931992983793	1633.999303461879
0.020410695766296432	1633.8217245472085
0.020417524764422615	1633.6427877263493
0.020424418531777847	1633.4625101351958
0.020431376586664683	1633.2809094657362
0.02043839842122495	1633.0980039620063
0.020445483501408762	1632.9138124156545
0.020452631266960435	1632.7283541611228
0.02045984113142164	1632.5416490704408
0.020467112482151863	1632.353717547638
0.02047444468036643	1632.1645805227747
0.02048183706119218	1631.9742594455906
0.02048928893374099	1631.7827762787815
0.020496799581201233	1631.5901534908996
0.020504368260947294	1631.396414048886
0.020511994204667195	1631.2015814102367
0.020519676618508488	1631.0056795148073
0.020527414683242335	1630.8087327762605
0.020535207554445944	1630.610766073164
0.02054305436270331	1630.411804739742
0.020550954213824246	1630.2118745562832
0.020558906189081717	1630.0110017392212
0.020566909345467444	1629.8092129308823
0.02057496271596567	1629.6065351889167
0.020583065309845074	1629.4029959754134
0.020591216112968692	1629.1986231457147
0.02059941408812174	1628.9934449369287
0.020607658175357205	1628.7874899561566
0.020615947292359087	1628.5807871684392
0.02062428033482301	1628.37336588443
0.020632656176854162	1628.1652557478103
0.02064107367138223	1627.956486722449
0.020649531650593144	1627.7470890793213
0.02065802892637738	1627.5370933831969
0.020666564290794564	1627.3265304791025
0.02067513651655408	1627.115431478577
0.02068374435751133	1626.9038277457244
0.020692386549179424	1626.6917508830784
0.02070106180925585	1626.4792327172875
0.020709768838163858	1626.2663052846362
0.02071850631960812	1626.0530008164098
0.020727272921144263	1625.8393517241175
0.020736067294761944	1625.6253905845822
0.02074488807748096	1625.4111501249158
0.020753733891959975	1625.1966632073834
0.02076260334711743	1624.9819628141775
0.020771495038764153	1624.7670820321073
0.020780407550247126	1624.5520540372215
0.020789339453104044	1624.3369120793734
0.020798289307727976	1624.1216894667418
0.02080725566404177	1623.9064195503224
0.02081623706218153	1623.6911357083998
0.020825232033188708	1623.4758713310136
0.020834239099710213	1623.2606598044335
0.020843256776705937	1623.0455344956515
0.020852283572163177	1622.8305287369096
0.02086131798781733	1622.6156758102702
0.020870358519878247	1622.4010089322446
0.020879403659761698	1622.1865612384947
0.02088845189482527	1621.972365768612
0.020897501709108094	1621.7584554509954
0.02090655158407384	1621.544863087835
0.020915599999356268	1621.3316213402152
0.020924645433506736	1621.1187627133456
0.020933686364743045	1620.9063195419385
0.020942721271698966	1620.6943239757375
0.02095174863417382	1620.4828079652139
0.020960766933881447	1620.2718032474363
0.020969774655197948	1620.0613413321305
0.020978770285907573	1619.8514534879362
0.02098775231794607	1619.64217072887
0.02099671924814089	1619.4335238010112
0.021005669578947648	1619.225543169413
0.02101460181918215	1619.0182590052525
0.021023514484747378	1618.811701173229
0.021032406099354854	1618.6058992192184
0.021041275195239732	1618.4008823581928
0.02105012031386903	1618.196679462415
0.021058940006642376	1617.993319049914
0.021067732835584746	1617.7908292732513
0.02107649737403053	1617.5892379085844
0.021085232207298417	1617.388572345035
0.021093935933356515	1617.1888595743699
0.02110260716347717	1616.9901261809975
0.021111244522880927	1616.7923983322903
0.021119846651369116	1616.5957017692383
0.021128412203944597	1616.4000617974364
0.02113693985142006	1616.2055032784126
0.021145428281013536	1616.0120506213018
0.021153876196930543	1615.81972777487
0.021162282320932462	1615.6285582198918
0.021170645392890663	1615.4385649618835
0.021178964171326062	1615.2497705241997
0.021187237433933553	1615.0621969414915
0.021195463978091075	1614.87586575353
0.02120364262135286	1614.6907979993998
0.02121177220192652	1614.5070142120608
0.02121985157913369	1614.3245344132813
0.02122787963385382	1614.143378108944
0.021235855268950943	1613.963564284723
0.021243777409683036	1613.7851114021362
0.021251645004093756	1613.6080373949683
0.021259457023386368	1613.4323596660688
0.021267212462279545	1613.258095084519
0.021274910339344935	1613.0852599831715
0.02128254969732627	1612.9138701565573
0.021290129603439893	1612.7439408591617
0.0212976491496565	1612.5754868040626
0.021305107452964104	1612.4085221619346
0.02131250365561198	1612.2430605604097
0.021319836925335678	1612.0791150837947
0.021327106455562864	1611.9166982731451
0.021334311465600143	1611.7558221266834
0.021341451200800696	1611.5964981005666
0.02134852493271286	1611.4387371099901
0.021355531959209563	1611.2825495306317
0.0213624716045988	1611.127945200427
0.021369343219715037	1610.974933421666
0.021376146181991816	1610.8235229634158
0.021382879895515506	1610.6737220642542
0.021389543791060433	1610.5255384353163
0.021396137326105468	1610.3789792636403
0.021402659984832276	1610.2340512158116
0.021409111278105342	1610.0907604418958
0.021415490743434015	1609.9491125796574
0.021421797944916804	1609.8091127590508
0.021428032473168063	1609.670765606984
0.02143419394522741	1609.5340752523423
0.021440282004452083	1609.3990453312658
0.021446296320392477	1609.2656789926743
0.02145223658865125	1609.1339789040323
0.02145810253072618	1609.0039472573433
0.02146389389383722	1608.8755857753663
0.02146961045073791	1608.748895718051
0.021475251999511683	1608.6238778891752
0.021480818363353252	1608.5005326431838
0.021486309390335558	1608.3788598922163
0.021491724953162573	1608.2588591133156
0.0214970649489084	1608.1405293558128
0.021502329298743034	1608.0238692488713
0.02150751794764518	1607.9088770091923
0.021512630864102614	1607.7955504488646
0.021517668039800365	1607.6838869833525
0.021522629489297316	1607.5738836396172
0.02152751524969152	1607.4655370643559
0.021532325380274737	1607.3588435323566
0.02153705996217663	1607.253798954955
0.02154171909799906	1607.1503988885902
0.021546302911440943	1607.0486385434426
0.021550811546914083	1606.9485127921564
0.021555245169150562	1606.8500161786285
0.02155960396280197	1606.7531429268586
0.021563888132031115	1606.6578869498578
0.021568097900096537	1606.5642418585983
0.02157223350893041	1606.4722009710017
0.021576295218710205	1606.3817573209574
0.021580283307424605	1606.2929036673618
0.02158419807043419	1606.2056325031717
0.021588039820027275	1606.119936064463
0.021591808884971423	1606.035806339489
0.02159550561006104	1605.9532350777292
0.02159913035566153	1605.8722137989203
0.02160268349725048	1605.7927338020675
0.021606165424956296	1605.7147861744222
0.021609576543094706	1605.6383618004234
0.02161291726970364	1605.5634513705968
0.021616188036076834	1605.490045390401
0.021619389286296635	1605.4181341890198
0.021622521476766434	1605.3477079280883
0.021625585075743053	1605.2787566103536
0.02162858056286962	1605.2112700882594
0.021631508428709204	1605.1452380724484
0.02163436917427968	1605.0806501401821
0.021637163310590183	1605.017495743668
0.021639891358179474	1604.9557642182913
0.02164255384665666	1604.895444790742
0.021645151314244573	1604.836526587045
0.02164768430732615	1604.7789986404696
0.021650153379994177	1604.7228498993315
0.021652559093604685	1604.668069234675
0.021654902016334326	1604.6146454478296
0.02165718272274208	1604.5625672778453
0.02165940179333547	1604.511823408795
0.021661559814141716	1604.4624024769425
0.021663657376283986	1604.41429307778
0.021665695075563058	1604.3674837729207
0.02166767351204462	1604.3219630968529
0.02166959328965246	1604.2777195635501
0.02167145501576779	1604.2347416729326
0.021673259300834885	1604.1930179171816
0.021675006757973292	1604.1525367869037
0.021676698002596737	1604.1132867771414
0.021678333652038997	1604.0752563932301
0.021679914325186816	1604.0384341565007
0.02168144064212012	1604.0028086098253
0.02168291322375963	1603.9683683230044
0.021684332691522003	1603.9351018979978
0.02168569966698269	1603.9029979739958
0.021687014771546526	1603.87204523233
0.021688278626126295	1603.8422324012258
0.02168949185082925	1603.813548260393
0.02169065506465172	1603.7859816454602
0.021691768885181928	1603.7595214522453
0.02169283392831096	1603.7341566408697
0.021693850807952112	1603.709876239712
0.021694820135768473	1603.686669349203
0.02169574252090896	1603.6645251454663
0.021696618569752708	1603.6434328837977
0.021697448885661875	1603.6233819019913
0.021698234068742887	1603.6043616235122
0.021698974715616083	1603.5863615605156
0.021699671419193815	1603.5693713167102
0.021700324768466894	1603.553380590077
0.02170093534829944	1603.5383791754373
0.021701503739232065	1603.5243569668705
0.021702030517293348	1603.5113039599935
0.021702516253819578	1603.4992102540893
0.021702961515282674	1603.4880660541005
0.021703366863126232	1603.47786167248
0.021703732853609645	1603.4685875309083
0.0217040600376602	1603.4602341618709
0.021704348960733092	1603.4527922101097
0.021704600162679256	1603.446252433939
0.021704814177620872	1603.4406057064382
0.02170499153383456	1603.4358430165164
0.021705132753642054	1603.4319554698573
0.0217052383533083	1603.4289342897423
0.021705308842946826	1603.4267708177592
0.021705344726432332	1603.4254565143922
0.021705346501320284	1603.4249829595053
0.021705314658773466	1603.4253418527148
0.021705249683495326	1603.426525013655
0.021705152053669987	1603.4285243821414
0.02170502224090879	1603.431332018235
0.021704860710203208	1603.4349401022082
0.021704667919884017	1603.439340934416
0.021704444321586604	1603.4445269350758
0.02170419036022217	1603.4504906439595
0.021703906473954784	1603.4572247199983
0.021703593094184116	1603.4647219408064
0.021703250645533606	1603.4729752021244
0.021702879545844076	1603.4819775171843
0.021702480206172485	1603.4917220160023
0.021702053030795754	1603.5022019445992
0.021701598417219477	1603.513410664154
0.021701116756191394	1603.5253416500893
0.021700608431719413	1603.5379884910965
0.0217000738210941	1603.5513448881009
0.021699513294915405	1603.5654046531683
0.021698927217123527	1603.580161708357
0.02169831594503376	1603.5956100845221
0.02169767982937511	1603.6117439200646
0.021697019214332616	1603.6285574596393
0.021696334437593123	1603.6460450528173
0.021695625830394492	1603.664201152706
0.02169489371757795	1603.6830203145328
0.021694138417643526	1603.7024971941903
0.0216933602428084	1603.7226265467502
0.021692559499068044	1603.7434032249428
0.021691736486259938	1603.7648221776108
0.021690891498129857	1603.786878448134
0.021690024822400414	1603.8095671728315
0.021689136740841893	1603.8328835793393
0.021688227529345117	1603.856822984969
0.021687297457996288	1603.88138079505
0.021686346791153617	1603.9065525012522
0.021685375787525683	1603.9323336798986
0.021684384700251344	1603.9587199902635
0.02168337377698105	1603.9857071728597
0.021682343259959578	1604.0132910477212
0.02168129338610986	1604.0414675126744
0.021680224387118006	1604.0702325416087
0.02167913648951926	1604.099582182741
0.021678029914784822	1604.1295125568804
0.02167690487940949	1604.1600198556923
0.021675761594999926	1604.191100339964
0.021674600268363507	1604.222750337873
0.021673421101597645	1604.2549662432612
0.02167222429217951	1604.2877445139104
0.02167101003305598	1604.321081669831
0.021669778512733846	1604.3549742915557
0.021668529915370133	1604.3894190184405
0.021667264420862403	1604.4244125469806
0.021665982204939056	1604.4599516291346
0.02166468343924949	1604.4960330706635
0.02166336829145408	1604.5326537294816
0.021662036925313842	1604.5698105140236
0.021660689500779852	1604.6075003816252
0.02165932617408215	1604.6457203369225
0.021657947097818306	1604.684467430267
0.02165655242104134	1604.7237387561574
0.02165514228934716	1604.7635314516929
0.021653716844961323	1604.8038426950427
0.021652276226825123	1604.8446697039374
0.021650820570680927	1604.8860097341797
0.021649350009156784	1604.9278600781756
0.02164786467185016	1604.9702180634895
0.021646364685410827	1605.013081051418
0.021644850173622842	1605.0564464355884
0.021643321257485616	1605.1003116405789
0.02164177805529399	1605.1446741205607
0.021640220682717287	1605.1895313579664
0.021638649252877364	1605.2348808621784
0.02163706387642558	1605.280720168245
0.0216354646616187	1605.3270468356163
0.02163385171439367	1605.373858446909
0.021632225138441256	1605.421152606691
0.021630585035278562	1605.4689269402948
0.021628931504320343	1605.5171790926508
0.021627264642949152	1605.5659067271506
0.021625584546584316	1605.6151075245311
0.021623891308749636	1605.6647791817838
0.021622185021139953	1605.7149194110918
0.021620465773686405	1605.7655259387873
0.021618733654620508	1605.8165965043363
0.021616988750536966	1605.8681288593482
0.02161523114645524	1605.920120766608
0.02161346092587987	1605.9725699991354
0.021611678170859575	1606.0254743392645
0.021609882962045038	1606.0788315777527
0.021608075378745505	1606.1326395129079
0.02160625549898411	1606.1868959497456
0.021604423399551948	1606.2415986991634
0.021602579156060942	1606.2967455771432
0.02160072284299543	1606.3523344039752
0.021598854533762566	1606.4083630035057
0.021596974300741482	1606.4648292024046
0.021595082215331227	1606.5217308294607
0.021593178347997524	1606.5790657148937
0.021591262768318333	1606.6368316896917
0.021589335545028208	1606.6950265849691
0.021587396746061503	1606.7536482313471
0.021585446438594412	1606.8126944583523
0.021583484689085858	1606.8721630938405
0.02158151156331725	1606.9320519634375
0.02157952712643112	1606.9923588900003
0.021577531442968652	1607.053081693102
0.021575524576906115	1607.1142181885311
0.021573506591690217	1607.1757661878137
0.0215714775502724	1607.2377234977528
0.02156943751514209	1607.300087919987
0.021567386548358904	1607.3628572505681
0.02156532471158387	1607.426029279556
0.021563252066109588	1607.4896017906296
0.02156116867288949	1607.5535725607194
0.02155907459256605	1607.6179393596515
0.021556969885498115	1607.6826999498132
0.02155485461178726	1607.7478520858324
0.02155272883130326	1607.8133935142728
0.021550592603708615	1607.8793219733461
0.021548445988482257	1607.9456351926392
0.02154628904494236	1608.012330892856
0.02154412183226828	1608.079406785574
0.021541944409521726	1608.1468605730156
0.021539756835667074	1608.2146899478334
0.021537559169590898	1608.2828925929086
0.02153535147012073	1608.3514661811646
0.021533133796043064	1608.420408375391
0.021530906206120595	1608.4897168280838
0.021528668759108763	1608.5593891812953
0.021526421513771564	1608.6294230664973
0.02152416452889668	1608.6998161044569
0.02152189786330992	1608.7705659051228
0.021519621575889037	1608.8416700675239
0.02151733572557684	1608.913126179678
0.021515040371393745	1608.9849318185136
0.021512735572449673	1609.0570845497975
0.021510421387955357	1609.1295819280786
0.021508097877233092	1609.2024214966368
0.021505765099726876	1609.275600787445
0.021503423115012053	1609.3491173211387
0.021501071982804362	1609.4229686069941
0.021498711762968543	1609.4971521429197
0.021496342515526345	1609.5716654154485
0.021493964300664112	1609.6465058997471
0.02149157717873986	1609.7216710596285
0.021489181210289886	1609.797158347573
0.021486776456034935	1609.872965204759
0.021484362976885923	1609.949089061099
0.021481940833949244	1610.025527335284
0.021479510088531658	1610.1022774348364
0.021477070802144758	1610.179336756166
0.021474623036509082	1610.256702684638
0.02147216685355783	1610.3343725946424
0.02146970231544021	1610.4123438496729
0.021467229484524435	1610.4906138024114
0.0214647484234004	1610.5691797948177
0.02146225919488197	1610.6480391582243
0.021459761862009014	1610.7271892134388
0.021457256488049078	1610.8066272708515
0.021454743136498783	1610.8863506305463
0.021452221871084927	1610.9663565824167
0.02144969275576529	1611.0466424062897
0.02144715585472918	1611.1272053720509
0.021444611232397725	1611.2080427397773
0.021442058953423895	1611.2891517598712
0.02143949908269229	1611.370529673201
0.02143693168531868	1611.452173711245
0.02143435682664931	1611.5340810962405
0.02143177457226003	1611.6162490413328
0.021429184987955166	1611.6986747507344
0.021426588139766174	1611.781355419881
0.021423984093950157	1611.8642882355953
0.021421372916988143	1611.947470376253
0.02141875467558319	1612.0308990119515
0.021416129436658323	1612.1145713046828
0.021413497267354312	1612.198484408508
0.02141085823502725	1612.2826354697343
0.021408212407245997	1612.3670216270966
0.02140555985178949	1612.4516400119412
0.02140290063664388	1612.5364877484105
0.021400234829999535	1612.6215619536322
0.021397562500247925	1612.7068597379086
0.021394883715978374	1612.7923782049102
0.021392198545974666	1612.8781144518698
0.02138950705921158	1612.9640655697804
0.02138680932485125	1613.0502286435928
0.02138410541223948	1613.1366007524168
0.021381395390901912	1613.2231789697234
0.021378679330540128	1613.3099603635487
0.021375957301027617	1613.396941996699
0.021373229372405697	1613.4841209269584
0.02137049561487932	1613.5714942072977
0.021367756098812817	1613.6590588860831
0.02136501089472554	1613.746812007289
0.02136226007328745	1613.8347506107073
0.021359503705314628	1613.9228717321646
0.02135674186176472	1614.0111724037333
0.021353974613732327	1614.0996496539485
0.021351202032444307	1614.1883005080244
0.021348424189255085	1614.277121988072
0.0213456411556418	1614.3661111133147
0.021342853003199522	1614.4552649003094
0.021340059803636326	1614.5445803631658
0.021337261628768384	1614.6340545137637
0.02133445855051499	1614.7236843619764
0.021331650640893533	1614.8134669158894
0.02132883797201447	1614.903399182024
0.02132602061607623	1614.993478165557
0.02132319864536009	1615.083700870543
0.02132037213222505	1615.174064300138
0.021317541149102656	1615.26456545682
0.021314705768491794	1615.3552013426133
0.02131186606295349	1615.4459689593093
0.02130902210510566	1615.5368653086923
0.02130617396761785	1615.627887392759
0.021303321723205978	1615.719032213943
0.021300465444627024	1615.8102967753368
0.021297605204673754	1615.9016780809154
0.021294741076169386	1615.9931731357563
0.021291873131962295	1616.084778946265
0.021289001444920665	1616.1764925203931
0.021286126087927168	1616.2683108678627
0.021283247133873612	1616.3602310003866
0.021280364655655616	1616.452249931889
0.021277478726167278	1616.5443646787255
0.021274589418295815	1616.6365722599035
0.02127169680491624	1616.7288696973012
0.02126880095888601	1616.8212540158872
0.021265901953039724	1616.9137222439376
0.02126299986018378	1617.0062714132546
0.021260094753091062	1617.0988985593838
0.02125718670449564	1617.191600721828
0.02125427578708747	1617.284374944266
0.02125136207350711	1617.3772182747648
0.021248445636340423	1617.4701277659951
0.02124552654811336	1617.5631004754446
0.021242604881286684	1617.6561334656283
0.02123968070825074	1617.749223804303
0.02123675410132025	1617.8423685646746
0.021233825132729128	1617.9355648256092
0.021230893874625276	1618.028809671842
0.021227960399065444	1618.1221001941842
0.021225024778010092	1618.2154334897298
0.021222087083318263	1618.3088066620594
0.021219147386742496	1618.4022168214476
0.02121620575992376	1618.4956610850634
0.021213262274386406	1618.5891365771722
0.021210317001533134	1618.6826404293395
0.021207370012640017	1618.7761697806268
0.021204421378851507	1618.8697217777922
0.02120147117117552	1618.9632935754871
0.02119851946047851	1619.0568823364515
0.02119556631748056	1619.1504852317087
0.021192611812750572	1619.244099440758
0.0211896560167014	1619.3377221517671
0.021186698999585078	1619.4313505617629
0.021183740831488055	1619.5249818768186
0.021180781582326443	1619.618613312243
0.021177821321841362	1619.7122420927656
0.021174860119594213	1619.805865452721
0.0211718980449621	1619.8994806362332
0.02116893516713321	1619.9930848973952
0.021165971555102258	1620.0866755004508
0.021163007277665957	1620.180249719972
0.021160042403418525	1620.2738048410356
0.021157077000747246	1620.3673381593994
0.02115411113782803	1620.4608469816746
0.021151144882621074	1620.5543286254988
0.021148178302866475	1620.647780419706
0.021145211466079977	1620.7411997044937
0.021142244439548683	1620.8345838315922
0.021139277290326823	1620.9279301644278
0.021136310085231612	1621.021236078287
0.021133342890839082	1621.114498960479
0.021130375773479967	1621.2077162104933
0.02112740879923569	1621.3008852401597
0.0211244420339343	1621.394003473804
0.021121475543146553	1621.4870683484028
0.02111850939218193	1621.5800773137355
0.02111554364608476	1621.6730278325356
0.0211125783696304	1621.7659173806387
0.021109613627321413	1621.8587434471315
0.02110664948338383	1621.9515035344946
0.02110368600176341	1622.0441951587472
0.02110072324612199	1622.1368158495877
0.02109776127983387	1622.2293631505343
0.02109480016598222	1622.3218346190608
0.02109183996735556	1622.4142278267332
0.02108888074644426	1622.5065403593421
0.021085922565437135	1622.5987698170366
0.021082965486218002	1622.6909138144506
0.021080009570362386	1622.782969980833
0.021077054879134183	1622.8749359601723
0.021074101473482425	1622.9668094113197
0.021071149414038082	1623.0585880081107
0.02106819876111088	1623.1502694394862
0.02106524957468623	1623.241851409607
0.02106230191442213	1623.3333316379724
0.021059355839646184	1623.4247078595304
0.021056411409352615	1623.515977824791
0.02105346868219936	1623.607139299935
0.021050527716505202	1623.6981900669202
0.02104758857024696	1623.7891279235878
0.021044651301056705	1623.8799506837636
0.021041715966219062	1623.97065617736
0.021038782622668516	1624.0612422504748
0.021035851326986807	1624.1517067654868
0.021032922135400367	1624.2420476011512
0.021029995103777767	1624.3322626526908
0.021027070287627278	1624.4223498318875
0.021024147742094434	1624.5123070671693
0.021021227521959677	1624.602132303697
0.021018309681636	1624.6918235034477
0.021015394275166726	1624.7813786452962
0.021012481356223234	1624.870795725094
0.02100957097810283	1624.960072755749
0.021006663193726606	1625.049207767298
0.02100375805563736	1625.1381988069816
0.021000855615997613	1625.2270439393133
0.0209979559265876	1625.3157412461512
0.02099505903880336	1625.4042888267618
0.020992165003654882	1625.4926847978857
0.020989273871764275	1625.5809272937997
0.020986385693363984	1625.6690144663778
0.020983500518295107	1625.7569444851483
0.020980618396005693	1625.8447155373494
0.02097773937554915	1625.9323258279837
0.020974863505582652	1626.0197735798706
0.020971990834365642	1626.107057033694
0.02096912140975835	1626.1941744480514
0.02096625527922038	1626.281124099497
0.020963392489809347	1626.3679042825866
0.020960533088179554	1626.4545133099189
0.020957677120580723	1626.5409495121723
0.020954824632856774	1626.6272112381425
0.020951975670444666	1626.7132968547792
0.020949130278373262	1626.7992047472148
0.020946288501262268	1626.8849333187977
0.020943450383321214	1626.9704809911202
0.02094061596834847	1627.055846204043
0.02093778529973033	1627.1410274157217
0.020934958420440145	1627.2260231026273
0.020932135373037477	1627.310831759566
0.020929316199667338	1627.3954518996989
0.020926500942059455	1627.4798820545557
0.020923689641527594	1627.56412077405
0.020920882338968914	1627.6481666264901
0.02091807907486339	1627.7320181985892
0.02091527988927327	1627.8156740954737
0.020912484821842596	1627.8991329406877
0.020909693911796742	1627.982393376197
0.020906907197942044	1628.065454062392
0.020904124718665415	1628.148313678086
0.02090134651193407	1628.2309709205124
0.020898572615295256	1628.3134245053232
0.02089580306587605	1628.3956731665792
0.020893037900383184	1628.4777156567447
0.020890277155102926	1628.5595507466765
0.020887520865901017	1628.6411772256108
0.020884769068222623	1628.7225939011512
0.020882021797092382	1628.803799599251
0.020879279087114424	1628.8847931641976
0.020876540972472504	1628.9655734585901
0.020873807486930143	1629.0461393633204
0.020871078663830825	1629.1264897775488
0.020868354536098213	1629.2066236186786
0.02086563513623645	1629.2865398223294
0.020862920496330473	1629.3662373423085
0.02086021064804638	1629.4457151505799
0.020857505622631833	1629.5249722372328
0.0208548054509165	1629.6040076104455
0.02085211016331256	1629.6828202964525
0.020849419789815235	1629.7614093395036
0.02084673436000333	1629.8397738018266
0.02084405390303989	1629.9179127635855
0.020841378447672823	1629.9958253228383
0.02083870802223561	1630.0735105954914
0.02083604265464804	1630.1509677152546
0.02083338237241696	1630.2281958335923
0.0208307272026371	1630.3051941196752
0.020828077171991925	1630.3819617603276
0.020825432306754526	1630.4584979599767
0.02082279263278853	1630.534801940597
0.020820158175549084	1630.6108729416549
0.020817528960083837	1630.686710220051
0.020814905011033995	1630.762313050062
0.020812286352635375	1630.837680723279
0.020809673008719526	1630.9128125485468
0.020807065002714877	1630.9877078519003
0.020804462357647914	1631.0623659764997
0.02080186509614439	1631.136786282562
0.020799273240430575	1631.2109681472957
0.020796686812334545	1631.2849109648319
0.02079410583328749	1631.3586141461515
0.020791530324325083	1631.4320771190148
0.020788960306088847	1631.5052993278882
0.020786395798827566	1631.5782802338688
0.020783836822398746	1631.6510193146091
0.020781283396270098	1631.7235160642388
0.02077873553952103	1631.7957699932879
0.0207761932708442	1631.8677806286044
0.020773656608547086	1631.9395475132749
0.02077112557055359	1632.011070206543
0.02076860017440565	1632.0823482837238
0.020766080437264935	1632.1533813361198
0.020763566375914505	1632.2241689709363
0.02076105800676054	1632.2947108111923
0.020758555345834068	1632.365006495635
0.020756058408792764	1632.4350556786471
0.02075356721092272	1632.5048580301595
0.0207510817671403	1632.5744132355583
0.020748602091993962	1632.6437209955923
0.020746128199666147	1632.712781026281
0.020743660103975187	1632.7815930588174
0.020741197818377227	1632.8501568394747
0.02073874135596816	1632.918472129509
0.02073629072948563	1632.9865387050609
0.020733845951311013	1633.0543563570593
0.02073140703347143	1633.1219248911204
0.020728973987641813	1633.1892441274483
0.020726546825146946	1633.2563139007332
0.020724125556963565	1633.32313406005
0.02072171019372247	1633.389704468756
0.02071930074571063	1633.4560250043858
0.020716897222873367	1633.5220955585485
0.02071449963481649	1633.5879160368224
0.0207121079908085	1633.6534863586476
0.02070972229978281	1633.7188064572224
0.020707342570339928	1633.7838762793922
0.020704968810749742	1633.8486957855448
0.020702601028953764	1633.9132649495
0.0207002392325674	1633.9775837584004
0.02069788342888226	1634.041652212602
0.02069553362486845	1634.1054703255634
0.02069318982717691	1634.1690381237347
0.02069085204214175	1634.2323556464464
0.02068852027578261	1634.2954229457946
0.02068619453380703	1634.3582400865325
0.02068387482161283	1634.4208071459525
0.020681561144290497	1634.4831242137764
0.020679253506625625	1634.5451913920385
0.02067695191310131	1634.6070087949722
0.020674656367900595	1634.6685765488944
0.020672366874908924	1634.7298947920901
0.020670083437716587	1634.7909636746958
0.020667806059621194	1634.8517833585852
0.020665534743630153	1634.9123540172498
0.020663269492463183	1634.9726758356844
0.020661010308554762	1635.0327490102686
0.02065875719405668	1635.092573748649
0.02065651015084054	1635.1521502696219
0.020654269180500277	1635.2114788030153
0.02065203428435469	1635.2705595895702
0.02064980546345	1635.3293928808223
0.020647582718562374	1635.3879789389828
0.020645366050200488	1635.44631803682
0.020643155458608092	1635.5044104575406
0.02064095094376656	1635.562256494669
0.020638752505397474	1635.61985645193
0.020636560142965193	1635.677210643127
0.020634373855679438	1635.7343193920246
0.02063219364249786	1635.7911830322278
0.02063001950212864	1635.8478019070628
0.020627851433033088	1635.904176369457
0.020625689433428216	1635.9603067818198
0.020623533501289346	1636.0161935159222
0.020621383634352702	1636.0718369527774
0.020619239830118014	1636.1272374825214
0.020617102085851113	1636.1823955042937
0.02061497039858654	1636.2373114261163
0.020612844765130138	1636.2919856647773
0.020610725182061657	1636.3464186457074
0.02060861164573737	1636.4006108028645
0.02060650415229265	1636.4545625786118
0.020604402697644585	1636.5082744236017
0.02060230727749458	1636.5617467966538
0.02060021788733094	1636.6149801646393
0.02059813452243147	1636.667975002361
0.020596057177866077	1636.7207317924358
0.02059398584849934	1636.7732510251758
0.020591920528993123	1636.8255331984726
0.02058986121380914	1636.8775788176777
0.02058780789721153	1636.9293883954865
0.02058576057326944	1636.980962451822
0.020583719235859603	1637.0323015137176
0.020581683878668877	1637.083406115201
0.02057965449519684	1637.1342767971773
0.020577631078758322	1637.1849141073162
0.020575613622485955	1637.2353185999343
0.02057360211933272	1637.2854908358806
0.020571596562074496	1637.3354313824238
0.020569596943312552	1637.3851408131372
0.02056760325547612	1637.4346197077848
0.02056561549082486	1637.4838686522082
0.020563633641451414	1637.5328882382153
0.020561657699283867	1637.5816790634665
0.020559687656088264	1637.6302417313632
0.020557723503471067	1637.6785768509371
0.020555765232881665	1637.7266850367396
0.0205538128356148	1637.7745669087312
0.02055186630281305	1637.8222230921701
0.020549925625469267	1637.8696542175057
0.020547990794429	1637.9168609202677
0.02054606180039294	1637.96384384096
0.020544138633919327	1638.010603624951
0.02054222128542634	1638.0571409223683
0.02054030974519453	1638.1034563879905
0.020538404003369152	1638.1495506811427
0.020536504049962576	1638.1954244655913
0.020534609874856623	1638.241078409438
0.020532721467804927	1638.2865131850165
0.020530838818435263	1638.3317294687902
0.02052896191625187	1638.376727941248
0.02052709075063777	1638.4215092868023
0.02052522531085705	1638.466074193688
0.020523365586057163	1638.5104233538611
0.020521511565271194	1638.5545574628995
0.02051966323742011	1638.598477219903
0.02051782059131502	1638.6421833273946
0.020515983615659397	1638.6856764912222
0.0205141522990513	1638.728957420461
0.020512326629985565	1638.7720268273176
0.02051050659685602	1638.8148854270344
0.020508692187957627	1638.857533937792
0.020506883391488668	1638.8999730806179
0.020505080195552874	1638.9422035792911
0.020503282588161566	1638.9842261602482
0.02050149055723576	1639.0260415524929
0.020499704090608282	1639.0676504875034
0.020497923176025834	1639.1090536991433
0.020496147801151075	1639.1502519235682
0.020494377953564662	1639.191245899141
0.02049261362076731	1639.2320363663393
0.020490854790181784	1639.272624067671
0.020489101449154938	1639.3130097475846
0.020487353584959674	1639.3531941523863
0.020485611184796932	1639.3931780301516
0.020483874235797637	1639.4329621306426
0.020482142725024646	1639.472547205225
0.020480416639474672	1639.511934006783
0.020478695966080183	1639.5511232896392
0.020476980691711305	1639.5901158094725
0.02047527080317768	1639.628912323238
0.020473566287230325	1639.6675135890873
0.020471867130563474	1639.7059203662902
0.020470173319816407	1639.7441334151556
0.020468484841575246	1639.7821534969553
0.020466801682374736	1639.8199813738472
0.02046512382870003	1639.8576178088015
0.020463451266988435	1639.8950635655235
0.02046178398363113	1639.9323194083815
0.020460121964974914	1639.9693861023338
0.02045846519732388	1640.0062644128561
0.02045681366694112	1640.0429551058699
0.020455167360050368	1640.079458947674
0.02045352626283764	1640.1157767048724
0.020451890361452896	1640.151909144307
0.02045025964201163	1640.1878570329898
0.020448634090596458	1640.2236211380355
0.020447013693258707	1640.259202226595
0.020445398436019967	1640.2946010657909
0.020443788304873627	1640.3298184226521
0.020442183285786394	1640.3648550640507
0.020440583364699796	1640.39971175664
0.020438988527531687	1640.4343892667903
0.020437398760177698	1640.4688883605293
0.02043581404851268	1640.5032098034822
0.020434234378392157	1640.5373543608112
0.020432659735653724	1640.5713227971576
0.020431090106118443	1640.6051158765838
0.020429525475592222	1640.6387343625163
0.020427965829867185	1640.6721790176894
0.020426411154723004	1640.7054506040904
0.02042486143592823	1640.738549882905
0.020423316659241596	1640.7714776144642
0.0204217768104133	1640.8042345581905
0.020420241875186287	1640.8368214725465
0.02041871183929749	1640.869239114984
0.020417186688479094	1640.9014882418935
0.020415666408459706	1640.933569608554
0.020414150984965594	1640.9654839690859
0.020412640403721857	1640.9972320764018
0.020411134650453595	1641.0288146821604
0.02040963371088704	1641.0602325367188
0.020408137570750717	1641.091486389089
0.020406646215776522	1641.1225769868918
0.02040515963170084	1641.1535050763136
0.02040367780426562	1641.1842714020627
0.020402200719219433	1641.2148767073284
0.020400728362318512	1641.2453217337381
0.020399260719327787	1641.275607221317
0.020397797776021895	1641.3057339084485
0.020396339518186167	1641.335702531835
0.020394885931617607	1641.365513826459
0.020393437002125852	1641.3951685255463
0.020391992715534116	1641.4246673605282
0.020390553057680113	1641.4540110610067
0.02038911801441698	1641.4832003547172
0.020387687571614143	1641.5122359674951
0.020386261715158217	1641.5411186232434
0.020384840430953864	1641.569849043896
0.020383423704924634	1641.5984279493885
0.020382011523013787	1641.6268560576248
0.020380603871185118	1641.6551340844467
0.02037920073542375	1641.683262743604
0.020377802101736914	1641.7112427467248
0.020376407956154703	1641.739074803286
0.020375018284730848	1641.7667596205858
0.020373633073543427	1641.7942979037157
0.020372252308695604	1641.8216903555349
0.02037087597631631	1641.8489376766433
0.020369504062560953	1641.8760405653568
0.02036813655361209	1641.902999717681
0.020366773435680063	1641.9298158272898
0.02036541469500367	1641.9564895854994
0.02036406031785079	1641.9830216812481
0.020362710290518976	1642.0094128010714
0.020361364599336084	1642.0356636290833
0.02036002323066084	1642.0617748469535
0.020358686170883412	1642.0877471338895
0.020357353406425985	1642.1135811666138
0.020356024923743287	1642.1392776193477
0.02035470070932312	1642.1648371637928
0.020353380749686893	1642.1902604691115
0.020352065031390094	1642.2155482019123
0.02035075354102281	1642.2407010262318
0.020349446265210184	1642.2657196035198
0.020348143190612882	1642.2906045926222
0.02034684430392755	1642.3153566497683
0.020345549591887228	1642.3399764285557
0.020344259041261803	1642.3644645799372
0.02034297263885839	1642.3888217522076
0.02034169037152176	1642.4130485909905
0.0203404122261347	1642.4371457392276
0.020339138189618394	1642.4611138371665
0.020337868248932783	1642.4849535223505
0.020336602391076923	1642.5086654296074
0.02033534060308931	1642.5322501910407
0.02033408287204822	1642.5557084360198
0.020332829185071993	1642.5790407911713
0.020331579529319358	1642.6022478803711
0.020330333891989724	1642.625330324736
0.020329092260323443	1642.6482887426173
0.020327854621602092	1642.6711237495936
0.020326620963148724	1642.6938359584642
0.020325391272328103	1642.7164259792437
0.02032416553654695	1642.7388944191568
0.020322943743254177	1642.7612418826327
0.020321725879941067	1642.7834689713022
0.020320511934141507	1642.8055762839915
0.020319301893432163	1642.8275644167213
0.020318095745432682	1642.8494339627011
0.020316893477805836	1642.8711855123288
0.020315695078257704	1642.8928196531872
0.02031450053453782	1642.914336970042
0.020313309834439297	1642.9357380448419
0.020312122965798988	1642.957023456716
0.0203109399164976	1642.9781937819746
0.02030976067445979	1642.999249594108
0.02030858522765428	1643.0201914637871
0.02030741356409398	1643.0410199588644
0.020306245671836018	1643.0617356443738
0.02030508153898187	1643.0823390825353
0.020303921153677382	1643.102830832751
0.02030276450411287	1643.123211451613
0.02030161157852315	1643.143481492903
0.020300462365187583	1643.1636415075952
0.02029931685243011	1643.183692043861
0.020298175028619275	1643.2036336470708
0.020297036882168242	1643.2234668597987
0.02029590240153481	1643.243192221827
0.020294771575221405	1643.2628102701508
0.020293644391775084	1643.2823215389817
0.02029252083978752	1643.301726559755
0.020291400907894955	1643.3210258611343
0.02029028458477821	1643.340219969016
0.02028917185916261	1643.359309406539
0.020288062719817965	1643.3782946940876
0.020286957155558505	1643.3971763493
0.020285855155242824	1643.4159548870753
0.0202847567077738	1643.4346308195818
0.020283661802098542	1643.453204656263
0.020282570427208303	1643.4716769038466
0.020281482572138375	1643.4900480663523
0.020280398225968006	1643.5083186451018
0.020279317377820297	1643.5264891387253
0.020278240016862095	1643.5445600431738
0.020277166132303865	1643.5625318517248
0.020276095713399583	1643.580405054995
0.02027502874944659	1643.5981801409498
0.02027396522978546	1643.6158575949125
0.020272905143799865	1643.633437899576
0.020271848480916413	1643.6509215350125
0.020270795230604505	1643.6683089786861
0.020269745382376154	1643.6856007054632
0.020268698925785828	1643.7027971876234
0.020267655850430263	1643.7198988948737
0.020266616145948296	1643.7369062943578
0.02026557980202066	1643.753819850671
0.020264546808369786	1643.770640025873
0.02026351715475961	1643.7873672794979
0.02026249083099536	1643.8040020685708
0.020261467826923334	1643.8205448476199
0.020260448132430685	1643.8369960686905
0.02025943173744518	1643.8533561813592
0.020258418631934973	1643.8696256327485
0.020257408805908362	1643.8858048675404
0.020256402249413524	1643.9018943279923
0.02025539895253827	1643.9178944539528
0.020254398905409785	1643.9338056828758
0.020253402098194328	1643.9496284498375
0.02025240852109698	1643.9653631875526
0.02025141816436136	1643.9810103263894
0.02025043101826931	1643.9965702943878
0.02024944707314059	1644.0120435172755
0.020248466319332598	1644.0274304184868
0.02024748874724002	1644.0427314191786
0.020246514347294537	1644.0579469382499
0.02024554310996445	1644.0730773923594
0.020244575025754365	1644.0881231959445
0.020243610085204842	1644.10308476124
0.02024264827889202	1644.1179624982988
0.020241689597427254	1644.1327568150105
0.02024073403145674	1644.1474681171226
0.020239781571661123	1644.1620968082605
0.020238832208755088	1644.1766432899487
0.02023788593348698	1644.191107961633
0.020236942736638345	1644.2054912207018
0.020236002609023536	1644.219793462509
0.020235065541489246	1644.2340150803968
0.020234131524914063	1644.2481564657196
0.02023320055020801	1644.2622180078665
0.020232272608312063	1644.2762000942873
0.020231347690197663	1644.2901031105162
0.020230425786866207	1644.3039274401995
0.020229506889348534	1644.317673465119
0.020228590988704397	1644.3313415652212
0.02022767807602191	1644.344932118643
0.02022676814241699	1644.358445501741
0.020225861179032776	1644.3718820891195
0.020224957177039038	1644.3852422536604
0.020224056127631566	1644.3985263665534
0.020223158022031538	1644.4117347973265
0.020222262851484873	1644.424867913879
0.020221370607261563	1644.4379260825135
0.020220481280654998	1644.4509096679683
0.02021959486298123	1644.4638190334535
0.02021871134557827	1644.476654540686
0.02021783071980533	1644.4894165499245
0.020216952977042027	1644.5021054200095
0.02021607810868761	1644.5147215083996
0.020215206106160122	1644.527265171211
0.020214336960895543	1644.5397367632604
0.020213470664346915	1644.5521366381047
0.020212607207983426	1644.5644651480852
0.02021174658328949	1644.5767226443722
0.02021088878176374	1644.588909477011
0.020210033794918068	1644.6010259949683
0.020209181614276546	1644.6130725461824
0.020208332231374377	1644.625049477613
0.020207485637756782	1644.6369571352932
0.020206641824977833	1644.648795864383
0.020205800784599288	1644.6605660092255
0.020204962508189338	1644.672267913404
0.02020412698732134	1644.683901919802
0.020203294213572493	1644.6954683706624
0.020202464178522478	1644.7069676076526
0.020201636873752014	1644.7183999719307
0.02020081229084141	1644.7297658042119
0.020199990421369007	1644.7410654448397
0.020199171256909634	1644.7522992338586
0.02019835478903294	1644.7634675110894
0.020197541009301687	1644.7745706162073
0.020196729909269993	1644.7856088888227
0.020195921480481476	1644.796582668565
0.020195115714467374	1644.807492295171
0.020194312602744537	1644.818338108572
0.020193512136813377	1644.8291204489915
0.020192714308155734	1644.8398396570385
0.02019191910823265	1644.85049607381
0.020191126528482064	1644.8610900409944
0.020190336560316408	1644.8716219009823
0.020189549195120105	1644.8820919969758
0.020188764424246976	1644.8925006731076
0.02018798223901755	1644.9028482745616
0.020187202630716237	1644.9131351476992
0.02018642559058842	1644.92336164019
0.020185651109837412	1644.9335281011477
0.020184879179621286	1644.9436348812712
0.020184109791049582	1644.953682332992
0.020183342935179885	1644.963670810626
0.02018257860301424	1644.9736006705323
0.020181816785495438	1644.9834722712785
0.020181057473503156	1644.9932859738105
0.020180300657849894	1645.0030421416322
0.020179546329276786	1645.0127411409885
0.020178794478449228	1645.0223833410591
0.020178045095952293	1645.0319691141574
0.020177298172285967	1645.0414988359382
0.020176553697860197	1645.0509728856143
0.020175811662989703	1645.0603916461803
0.02017507205788859	1645.069755504646
0.0201743348726647	1645.0790648522784
0.02017360009731373	1645.0883200848532
0.020172867721713107	1645.0975216029174
0.02017213773561557	1645.106669812061
0.02017141012864249	1645.115765123199
0.02017068489027687	1645.1248079528655
0.020169962009856057	1645.133798723517
0.020169241476564098	1645.14273786385
0.020168523279423763	1645.151625809129
0.020167807407288227	1645.1604630015268
0.020167093848832307	1645.1692498904788
0.02016638259254336	1645.1779869330483
0.02016567362671172	1645.1866745943066
0.020164966939420655	1645.1953133477284
0.02016426251853592	1645.2039036755975
0.020163560351694726	1645.2124460694306
0.020162860426294223	1645.2209410304124
0.020162162729479387	1645.2293890698486
0.020161467248130317	1645.2377907096313
0.02016077396884888	1645.2461464827218
0.020160082877944664	1645.2544569336455
0.020159393961420233	1645.2627226190039
0.020158707204955554	1645.2709441080021
0.020158022593891625	1645.2791219829892
0.020157340113213188	1645.2872568400137
0.020156659747530507	1645.2953492893928
0.0201559814810601	1645.3033999562927
0.020155305297604346	1645.3114094813247
0.02015463118052993	1645.3193785211488
0.020153959112744983	1645.327307749088
0.02015328907667481	1645.3351978557498
0.020152621054236142	1645.3430495496539
0.0201519550268097	1645.3508635578605
0.02015129097521102	1645.3586406266027
0.020150628879659283	1645.3663815219104
0.020149968719744064	1645.3740870302283
0.020149310474389736	1645.3817579590207
0.020148654121817326	1645.389395137357
0.020147999639503613	1645.3969994164722
0.020147347004137114	1645.4045716702922
0.020146696191570737	1645.412112795917
0.02014604717677067	1645.4196237140504
0.0201453999337612	1645.427105369365
0.020144754435564963	1645.4345587307848
0.020144110654138167	1645.4419847916738
0.020143468560300207	1645.4493845699087
0.02014282812365712	1645.4567591078169
0.020142189312518096	1645.4641094719516
0.02014155209380432	1645.4714367526801
0.02014091643294923	1645.4787420635494
0.020140282293789256	1645.4860265403945
0.020139649638443804	1645.4932913401476
0.020139018427183318	1645.5005376392983
0.02013838861828396	1645.50776663195
0.020137760167867245	1645.514979527413
0.020137133029722896	1645.522177547259
0.020136507155112744	1645.5293619217575
0.02013588249255344	1645.5365338856027
0.020135258987575275	1645.5436946728203
0.02013463658245415	1645.550845510742
0.020134015215913306	1645.557987612903
0.020133394822791032	1645.5651221707103
0.020132775333669937	1645.5722503437064
0.020132156674463	1645.5793732482216
0.02013153876595078	1645.5864919441904
0.020130921523263526	1645.5936074198703
0.020130304855301078	1645.6007205741655
0.020129688664082525	1645.6078321962175
0.02012907284401644	1645.614942941884
0.020128457281081445	1645.622053306669
0.020127841851905248	1645.629163594606
0.02012722642272905	1645.6362738825433
